2 0.760853 0.716520 0.119552 0.144170 0.899013
2 0.283894 0.026201 0.024789 0.030267 0.795039
2 0.386548 0.240153 0.054202 0.029601 0.458518
2 0.958295 0.118257 0.014462 0.030038 0.313561
2 0.033131 0.252835 0.026511 0.043319 0.245478
2 0.563712 0.482400 0.103088 0.063392 0.195522
2 0.233123 0.371961 0.029150 0.025095 0.171566
3 0.566226 0.449592 0.097440 0.127882 0.770211
4 0.387990 0.209690 0.054506 0.091874 0.855879
4 0.565435 0.450766 0.099115 0.129424 0.719768
4 0.284180 0.024942 0.023893 0.029838 0.500484
8 0.569346 0.418403 0.091173 0.064603 0.592682
