2 0.935541 0.499654 0.096524 0.096987 0.905313
2 0.876338 0.636635 0.114695 0.103399 0.888262
2 0.593809 0.620953 0.124090 0.127672 0.877882
2 0.441561 0.610253 0.110680 0.095943 0.874759
2 0.384531 0.501289 0.106659 0.088742 0.869797
2 0.854729 0.311226 0.106292 0.097160 0.868502
2 0.132123 0.509783 0.145105 0.104238 0.863153
2 0.192343 0.528311 0.069414 0.152700 0.403511
2 0.306936 0.458634 0.016609 0.193650 0.172172
2 0.645556 0.623998 0.030028 0.146524 0.120675
4 0.440322 0.611427 0.107024 0.088534 0.663513
4 0.385122 0.502139 0.103187 0.086242 0.400924
