2 0.482487 0.700520 0.099800 0.149333 0.923322
2 0.070562 0.487121 0.086064 0.084635 0.899214
2 0.438283 0.554926 0.088338 0.100420 0.880087
2 0.540023 0.553206 0.084540 0.102731 0.875352
2 0.898154 0.488588 0.096036 0.099555 0.861757
6 0.477600 0.842843 0.022429 0.071500 0.453813
6 0.450255 0.806711 0.023346 0.052374 0.442934
6 0.447537 0.848506 0.022817 0.067329 0.434683
6 0.541353 0.842705 0.022771 0.070334 0.400603
6 0.511044 0.833294 0.024159 0.100262 0.367895
6 0.509700 0.801852 0.021445 0.042000 0.350381
6 0.409913 0.826631 0.019934 0.046283 0.294609
