2 0.458366 0.498997 0.076965 0.042859 0.873373
2 0.733242 0.543779 0.079261 0.057842 0.872492
2 0.464722 0.810040 0.076161 0.049933 0.859424
2 0.070069 0.640899 0.071537 0.052185 0.857415
2 0.293230 0.580891 0.085679 0.048486 0.839332
2 0.878972 0.791425 0.063826 0.076817 0.817879
2 0.208475 0.829315 0.079538 0.055969 0.788886
2 0.954090 0.560442 0.080956 0.047286 0.729923
2 0.950423 0.590187 0.083261 0.041222 0.399157
6 0.516312 0.825881 0.010242 0.027201 0.340804
6 0.531250 0.825143 0.011760 0.026258 0.324641
6 0.629824 0.582974 0.009765 0.020210 0.166888
