2 0.233444 0.683179 0.160735 0.279947 0.910680
2 0.735069 0.563313 0.152260 0.134996 0.889469
2 0.556079 0.371366 0.077123 0.050860 0.830939
2 0.085824 0.225680 0.024355 0.020064 0.819074
2 0.465370 0.359856 0.085219 0.039384 0.808973
2 0.715026 0.381288 0.091453 0.081351 0.792223
2 0.965080 0.295703 0.064388 0.038458 0.760274
2 0.127946 0.228353 0.027794 0.020490 0.670350
2 0.181327 0.230457 0.029259 0.019041 0.635902
2 0.085137 0.199711 0.016766 0.019831 0.602827
2 0.018619 0.203973 0.019690 0.018071 0.594965
2 0.050204 0.181069 0.010156 0.010699 0.480300
2 0.213576 0.193430 0.013936 0.014036 0.256097
2 0.346819 0.196558 0.015342 0.014799 0.229389
2 0.157935 0.197531 0.013534 0.012004 0.208678
2 0.293978 0.188607 0.008547 0.018779 0.191035
2 0.116534 0.193904 0.012137 0.012389 0.116305
