3 0.312136 0.161985 0.350156 0.318707 0.955430
3 0.483330 0.952576 0.309864 0.094848 0.480685
4 0.259405 0.282642 0.289240 0.074601 0.547902
4 0.480200 0.955448 0.299505 0.089055 0.259522
6 0.865974 0.008101 0.023801 0.015995 0.122619
6 0.911826 0.005102 0.023520 0.010204 0.113231
7 0.794863 0.947184 0.231488 0.105632 0.967067
7 0.688920 0.739315 0.221678 0.222965 0.963530
7 0.601839 0.507136 0.217453 0.175030 0.961658
7 0.520782 0.302360 0.187758 0.164350 0.941118
7 0.846891 0.161432 0.204298 0.128005 0.928669
7 0.952852 0.158216 0.094296 0.127324 0.856291
7 0.263272 0.282459 0.278044 0.074280 0.162747
