2 0.390394 0.513731 0.051648 0.157538 0.848053
2 0.344975 0.494432 0.057444 0.153401 0.821122
2 0.185170 0.140859 0.074502 0.079472 0.813949
2 0.682131 0.543832 0.087789 0.127719 0.808356
2 0.663124 0.680233 0.076890 0.075364 0.730864
2 0.499882 0.469113 0.069375 0.144493 0.634029
2 0.748731 0.731462 0.067848 0.143748 0.512861
2 0.194143 0.249068 0.080327 0.090313 0.328957
3 0.837100 0.761608 0.038181 0.128598 0.330525
3 0.874158 0.791608 0.038753 0.158605 0.281306
4 0.193412 0.260484 0.065626 0.087421 0.244171
4 0.553230 0.637204 0.056111 0.101427 0.101832
6 0.467751 0.419026 0.011341 0.036833 0.184667
8 0.661543 0.678809 0.074561 0.071602 0.173840
11 0.377452 0.501416 0.742958 0.997169 0.641544
11 0.595961 0.443440 0.691921 0.886880 0.265828
