0 0.247514 0.707778 0.170922 0.573895 0.180887
2 0.640151 0.775770 0.114509 0.191713 0.829542
2 0.177468 0.097192 0.021603 0.058424 0.447023
2 0.045554 0.012853 0.042499 0.025669 0.290997
2 0.984760 0.731520 0.030479 0.114419 0.134460
3 0.158289 0.083834 0.060770 0.083468 0.616417
3 0.526165 0.126567 0.020408 0.037588 0.475778
3 0.370727 0.102613 0.025771 0.041348 0.371422
3 0.746872 0.427540 0.160411 0.330106 0.279375
3 0.462222 0.198986 0.015587 0.032446 0.183131
3 0.047564 0.012837 0.038905 0.025654 0.132052
3 0.498202 0.343539 0.003551 0.024367 0.126569
7 0.370983 0.102310 0.025034 0.040554 0.117508
7 0.064361 0.325103 0.054406 0.057613 0.105764
8 0.158271 0.085228 0.061772 0.084579 0.618904
