2 0.346021 0.541271 0.056929 0.164744 0.859330
2 0.690160 0.583518 0.071232 0.121154 0.823922
2 0.393924 0.562197 0.054879 0.163161 0.807486
2 0.182218 0.197103 0.079758 0.079956 0.774642
2 0.666459 0.719513 0.070593 0.070485 0.721504
2 0.504601 0.522553 0.059559 0.170242 0.707936
2 0.748074 0.765971 0.067397 0.150808 0.533979
2 0.180657 0.297443 0.097990 0.110013 0.526370
2 0.208570 0.430667 0.020278 0.038682 0.130013
3 0.881426 0.820648 0.045157 0.153048 0.257073
3 0.845737 0.798982 0.035913 0.123060 0.215830
11 0.267984 0.510757 0.464032 0.978485 0.783242
11 0.721890 0.442373 0.443779 0.884746 0.203480
