2 0.567289 0.637520 0.091241 0.115259 0.787204
2 0.372074 0.438793 0.025029 0.031479 0.172082
2 0.004302 0.787445 0.008570 0.051419 0.160391
2 0.398868 0.411578 0.038120 0.008341 0.142574
2 0.232480 0.580367 0.052281 0.024451 0.101426
3 0.246637 0.190205 0.013180 0.026652 0.567433
3 0.333854 0.304626 0.018862 0.045885 0.487691
3 0.201513 0.266127 0.025768 0.046269 0.250082
3 0.432201 0.152913 0.013633 0.012068 0.242188
3 0.365989 0.162253 0.016077 0.021077 0.240570
3 0.385823 0.199866 0.015878 0.045320 0.226870
6 0.009676 0.524121 0.004059 0.012188 0.104260
7 0.091559 0.624766 0.040515 0.042116 0.839846
7 0.375220 0.259622 0.032112 0.036278 0.632132
7 0.201529 0.266206 0.025519 0.046740 0.534105
7 0.372935 0.214258 0.023467 0.040625 0.424457
8 0.571610 0.636040 0.093512 0.110547 0.896573
11 0.633995 0.429669 0.267937 0.316775 0.170118
