0 0.574357 0.637455 0.148680 0.389838 0.838445
0 0.500222 0.727752 0.166221 0.270319 0.634316
0 0.696442 0.462200 0.115990 0.259065 0.614321
0 0.659125 0.311254 0.029348 0.070500 0.590905
0 0.461954 0.270707 0.069360 0.072527 0.514108
0 0.739280 0.525179 0.144994 0.161309 0.243043
0 0.482132 0.433269 0.066771 0.022350 0.231317
0 0.183994 0.203510 0.034654 0.072017 0.224463
0 0.274785 0.774080 0.116896 0.140752 0.193185
0 0.318225 0.357934 0.030217 0.161265 0.126107
0 0.474730 0.483936 0.050482 0.078845 0.116287
1 0.474550 0.473306 0.050860 0.104244 0.458142
1 0.717883 0.427462 0.098037 0.033965 0.409474
1 0.203112 0.396303 0.019262 0.105958 0.174147
1 0.244590 0.419681 0.010762 0.096493 0.166586
2 0.434607 0.626058 0.429690 0.483089 0.935714
2 0.723652 0.479805 0.171468 0.250756 0.606249
2 0.407623 0.308596 0.233008 0.316389 0.359929
2 0.435282 0.415452 0.006363 0.019001 0.232756
2 0.328134 0.901431 0.010307 0.031131 0.215276
2 0.798061 0.996443 0.021077 0.007115 0.112845
3 0.416868 0.737306 0.166263 0.289427 0.654173
3 0.694234 0.527313 0.111403 0.165737 0.547305
3 0.360024 0.379699 0.113285 0.166806 0.168948
4 0.739329 0.479077 0.145324 0.248806 0.541399
4 0.413357 0.310558 0.221261 0.313255 0.398642
4 0.415238 0.736477 0.163809 0.287769 0.256481
4 0.757255 0.432650 0.014460 0.023589 0.250239
4 0.694125 0.527153 0.111751 0.165417 0.157129
4 0.574305 0.517745 0.147711 0.149694 0.154508
6 0.247512 0.384784 0.030083 0.144075 0.798093
6 0.209027 0.385759 0.031803 0.141222 0.690311
6 0.566331 0.476373 0.040621 0.060016 0.653852
6 0.479523 0.470254 0.058017 0.105447 0.532186
6 0.717649 0.374895 0.038295 0.082065 0.348556
6 0.450699 0.271674 0.037953 0.072162 0.337369
6 0.318212 0.359312 0.030242 0.156224 0.309709
6 0.797035 0.532861 0.028671 0.129088 0.138257
6 0.842573 0.974286 0.009865 0.006212 0.102378
10 0.333393 0.664715 0.166547 0.357100 0.809675
10 0.277058 0.623045 0.112376 0.235142 0.242003
10 0.500000 0.592593 0.166667 0.296296 0.197806
10 0.416667 0.787066 0.166667 0.166657 0.185142
10 0.213108 0.450004 0.019238 0.011067 0.127988
