2 0.306798 0.575339 0.456846 0.814554 0.950675
2 0.738825 0.565762 0.354508 0.611427 0.741524
3 0.941994 0.628075 0.115741 0.338494 0.723877
4 0.942248 0.621625 0.115503 0.346793 0.592054
6 0.642925 0.472062 0.059838 0.082989 0.822766
6 0.059952 0.639084 0.021582 0.134240 0.414930
6 0.253010 0.370632 0.071571 0.227108 0.370417
6 0.311592 0.363589 0.079751 0.225626 0.295921
6 0.082935 0.640322 0.026614 0.135036 0.218848
6 0.043115 0.637050 0.017367 0.116770 0.134356
8 0.740092 0.563988 0.344811 0.604919 0.429882
