0 0.751175 0.428571 0.216635 0.095238 0.906199
0 0.584801 0.521887 0.169068 0.121665 0.886021
0 0.286394 0.538130 0.141498 0.123025 0.819547
0 0.265553 0.428475 0.182409 0.095045 0.810910
0 0.631213 0.476190 0.166146 0.095238 0.749720
0 0.751353 0.523222 0.209586 0.094064 0.731631
0 0.642671 0.404423 0.142009 0.141702 0.709898
0 0.288373 0.585031 0.132095 0.027194 0.578412
0 0.784344 0.371396 0.140116 0.114350 0.554137
0 0.646001 0.547824 0.115061 0.048019 0.502637
0 0.521859 0.338065 0.236147 0.118726 0.288139
0 0.853658 0.476190 0.135869 0.095238 0.252121
0 0.713438 0.380909 0.141162 0.094877 0.182058
0 0.571253 0.576426 0.141641 0.009994 0.148281
0 0.500197 0.809405 0.142235 0.094974 0.143739
1 0.572401 0.308030 0.140348 0.050607 0.641267
1 0.617884 0.208931 0.037127 0.058328 0.116648
2 0.515674 0.399790 0.686975 0.438516 0.957199
2 0.928797 0.880918 0.141983 0.142599 0.904348
2 0.142842 0.666610 0.142079 0.095125 0.834787
2 0.571442 0.833105 0.142273 0.141895 0.780845
2 0.428543 0.880798 0.142357 0.142548 0.734693
2 0.071408 0.856799 0.142633 0.094428 0.691792
2 0.785663 0.807588 0.141865 0.091367 0.583237
2 0.413539 0.809508 0.172897 0.094769 0.526233
2 0.643135 0.618980 0.141078 0.095103 0.513006
2 0.500330 0.880137 0.142197 0.141226 0.398123
2 0.714228 0.616407 0.142742 0.089956 0.386891
2 0.857143 0.857287 0.142857 0.094950 0.374433
2 0.249852 0.734041 0.213987 0.134749 0.371091
2 0.714524 0.809413 0.142381 0.094690 0.360387
2 0.642584 0.809270 0.142310 0.094731 0.297159
2 0.499595 0.648445 0.141786 0.123179 0.265990
2 0.428548 0.714126 0.141245 0.094812 0.235729
2 0.357300 0.714212 0.142214 0.095001 0.223626
2 0.143004 0.714132 0.142298 0.094931 0.221142
2 0.928793 0.809784 0.142414 0.094718 0.210933
2 0.571314 0.904740 0.142628 0.095168 0.159525
2 0.285911 0.654846 0.142463 0.071598 0.152307
2 0.926183 0.659149 0.004776 0.007352 0.133467
2 0.071265 0.760528 0.141819 0.092485 0.128904
2 0.357022 0.856961 0.142616 0.094875 0.127944
2 0.499955 0.809544 0.142256 0.095199 0.122317
2 0.428599 0.952381 0.142580 0.095238 0.112479
2 0.879792 0.614172 0.023107 0.010362 0.107632
2 0.071531 0.665761 0.142303 0.093426 0.100493
3 0.746882 0.323721 0.077665 0.019225 0.320739
3 0.671515 0.466184 0.085541 0.020014 0.297304
4 0.676986 0.323300 0.068257 0.020066 0.310575
6 0.250436 0.539332 0.070524 0.116848 0.781708
6 0.615808 0.285796 0.054079 0.094710 0.539694
6 0.595704 0.475888 0.093508 0.094634 0.342242
10 0.714286 0.511262 0.142857 0.117942 0.622316
10 0.286598 0.523810 0.141091 0.095238 0.356499
10 0.975811 0.953124 0.025213 0.016766 0.347806
10 0.572029 0.184967 0.140396 0.011011 0.320424
10 0.500096 0.330251 0.142659 0.088562 0.292944
10 0.649009 0.283615 0.130554 0.090452 0.292136
10 0.643033 0.185078 0.137957 0.010740 0.289925
10 0.615820 0.232558 0.056268 0.106313 0.205658
10 0.641136 0.332489 0.139415 0.093549 0.200990
10 0.826463 0.523498 0.081498 0.094614 0.172497
10 0.356884 0.560069 0.142118 0.072519 0.140284
10 0.069130 0.722779 0.020348 0.007633 0.132692
10 0.963662 0.870029 0.012845 0.010741 0.121678
11 0.356307 0.523314 0.141185 0.094248 0.375508
11 0.714286 0.428504 0.142857 0.095103 0.248517
11 0.428571 0.666667 0.142857 0.095238 0.232002
11 0.071329 0.714090 0.142332 0.094719 0.138714
11 0.214689 0.904928 0.142050 0.094378 0.126678
11 0.214662 0.618969 0.142104 0.094811 0.120789
