0 0.724512 0.218871 0.378789 0.434091 0.480002
1 0.954220 0.437158 0.091561 0.437158 0.248899
1 0.784531 0.437364 0.276690 0.436747 0.180159
2 0.492193 0.506044 0.981562 0.940998 0.906420
2 0.535117 0.715325 0.356745 0.553699 0.884617
2 0.762220 0.705353 0.454205 0.522560 0.819649
2 0.356770 0.749532 0.356693 0.373380 0.790730
2 0.356687 0.460139 0.355651 0.391045 0.745684
2 0.538198 0.406236 0.674730 0.494249 0.462981
2 0.724080 0.219969 0.377925 0.433454 0.231107
4 0.356655 0.766239 0.356044 0.406611 0.418019
4 0.178372 0.506275 0.356745 0.297547 0.314206
6 0.256071 0.643249 0.010096 0.024944 0.315468
6 0.231283 0.644575 0.017813 0.022326 0.223877
10 0.763804 0.657392 0.457374 0.433850 0.931625
10 0.536650 0.024252 0.341038 0.048505 0.294807
10 0.179041 0.380591 0.355154 0.113134 0.106547
