1 0.853953 0.452487 0.287840 0.441385 0.700495
1 0.284181 0.248301 0.386033 0.472360 0.697982
1 0.106125 0.308504 0.118690 0.351784 0.488736
1 0.721835 0.354989 0.078044 0.258986 0.225871
2 0.451638 0.503755 0.561101 0.445935 0.693720
3 0.173817 0.654068 0.292366 0.339174 0.444459
3 0.832468 0.651897 0.304937 0.188368 0.363216
3 0.328820 0.677089 0.302360 0.308117 0.347332
4 0.517929 0.665843 0.395858 0.322290 0.657734
4 0.335454 0.678566 0.289093 0.297339 0.384928
6 0.794708 0.697580 0.029500 0.138633 0.808672
6 0.823008 0.699829 0.033237 0.143492 0.766944
6 0.699341 0.806565 0.069130 0.377811 0.748291
6 0.013203 0.692867 0.025993 0.078937 0.196072
8 0.172935 0.652909 0.294129 0.336514 0.600872
8 0.426284 0.433423 0.500282 0.805569 0.323793
8 0.814391 0.634346 0.341802 0.224165 0.229383
10 0.531031 0.383310 0.418945 0.202342 0.490784
10 0.162783 0.484481 0.314288 0.484481 0.333077
10 0.321279 0.367742 0.317443 0.706738 0.128394
10 0.778776 0.483280 0.099672 0.482079 0.110689
