1 0.762526 0.341206 0.384481 0.637176 0.853845
1 0.320103 0.529806 0.478025 0.619604 0.745235
1 0.270227 0.219931 0.312237 0.439863 0.575920
1 0.092095 0.219397 0.097931 0.438793 0.440846
1 0.426606 0.178858 0.284322 0.357717 0.391946
1 0.426667 0.492567 0.284444 0.333336 0.330493
1 0.569365 0.480187 0.283484 0.359213 0.297673
1 0.845062 0.230767 0.267413 0.416969 0.227963
2 0.639795 0.704791 0.425460 0.529857 0.856329
2 0.855250 0.687280 0.287881 0.254124 0.595809
2 0.142361 0.694462 0.284167 0.508302 0.425160
2 0.711265 0.232811 0.284137 0.414103 0.314715
2 0.710763 0.658291 0.283748 0.436611 0.246329
2 0.284181 0.754569 0.283917 0.386859 0.226915
2 0.426317 0.714048 0.283746 0.307822 0.126668
3 0.426667 0.689167 0.284444 0.258060 0.163452
4 0.528869 0.518642 0.826522 0.865169 0.936226
10 0.855028 0.229027 0.287817 0.421671 0.859617
10 0.568972 0.181230 0.284257 0.361886 0.788157
10 0.838877 0.439863 0.255531 0.439863 0.781939
10 0.857356 0.640074 0.283601 0.400423 0.718708
10 0.142408 0.586695 0.284073 0.733527 0.649606
10 0.426683 0.623409 0.284412 0.389742 0.602536
10 0.568877 0.483247 0.283930 0.353094 0.589161
10 0.269755 0.219931 0.312642 0.439863 0.586735
10 0.426800 0.167516 0.282880 0.331374 0.535787
10 0.710765 0.705740 0.283753 0.530559 0.496476
10 0.284444 0.651321 0.284444 0.421471 0.319482
10 0.423003 0.390832 0.276191 0.098062 0.262287
