1 0.786667 0.646923 0.426667 0.653846 0.680084
1 0.239170 0.208436 0.374994 0.300170 0.423430
2 0.713331 0.646102 0.573328 0.651704 0.615881
2 0.221732 0.439700 0.403126 0.399665 0.231008
3 0.712826 0.372064 0.572318 0.535873 0.677986
3 0.428388 0.374934 0.423224 0.524624 0.608489
3 0.222490 0.567407 0.408354 0.414814 0.208602
4 0.223071 0.548107 0.407191 0.456214 0.293995
8 0.504971 0.505953 0.977154 0.908586 0.856763
10 0.426789 0.512327 0.426422 0.886936 0.496077
10 0.432210 0.678581 0.410780 0.634987 0.330148
10 0.640265 0.666307 0.426137 0.612615 0.180670
