0 0.332448 0.528860 0.220453 0.346608 0.164909
0 0.328027 0.982782 0.206238 0.034418 0.110348
1 0.666231 0.455676 0.221351 0.500132 0.244061
2 0.504567 0.519319 0.670710 0.601823 0.943666
2 0.006130 0.533681 0.012257 0.059685 0.321360
3 0.251685 0.476444 0.163297 0.281554 0.732989
4 0.251712 0.401327 0.163243 0.264013 0.494659
10 0.699174 0.536735 0.290255 0.354401 0.500396
10 0.676651 0.461872 0.019968 0.203310 0.125628
10 0.201272 0.322747 0.041901 0.065618 0.100068
11 0.222222 0.694016 0.222222 0.321365 0.118131
