2 0.666644 0.585945 0.333289 0.566445 0.188297
2 0.634804 0.525845 0.063726 0.233927 0.118595
2 0.783811 0.835356 0.105690 0.073914 0.100750
3 0.667070 0.591946 0.332429 0.573111 0.142262
10 0.514264 0.777556 0.301241 0.134188 0.245667
10 0.783449 0.833692 0.105992 0.068532 0.204264
10 0.061596 0.132426 0.123076 0.203409 0.117282
11 0.582546 0.590678 0.498425 0.588764 0.870356
11 0.832624 0.471698 0.331916 0.943395 0.662042
11 0.666671 0.702246 0.333324 0.589676 0.427241
11 0.167117 0.644952 0.332433 0.697312 0.339376
11 0.666673 0.296435 0.333322 0.592315 0.150568
11 0.333307 0.296296 0.333004 0.592593 0.105953
