2 0.460235 0.760727 0.064041 0.156578 0.897260
2 0.459511 0.317971 0.063049 0.146752 0.890009
2 0.556142 0.547971 0.062259 0.150075 0.886837
2 0.160825 0.334532 0.168484 0.183880 0.886676
2 0.565967 0.314806 0.064765 0.152344 0.886423
2 0.641778 0.506175 0.065401 0.236679 0.880655
2 0.460661 0.551401 0.063103 0.149106 0.874536
2 0.547641 0.752563 0.061674 0.142293 0.844970
2 0.829213 0.767310 0.074858 0.229462 0.840408
2 0.718812 0.732480 0.072692 0.169637 0.835514
2 0.734092 0.463104 0.074352 0.186950 0.819187
2 0.631637 0.782767 0.070298 0.246626 0.714318
2 0.653781 0.137458 0.067115 0.184699 0.663931
2 0.332082 0.795357 0.068756 0.231142 0.443911
2 0.211332 0.578282 0.085187 0.188563 0.425517
2 0.201457 0.821172 0.075048 0.306921 0.333447
