2 0.379138 0.764724 0.154826 0.315064 0.898833
2 0.547826 0.471176 0.198593 0.195716 0.897742
2 0.549052 0.669838 0.166046 0.225893 0.889654
2 0.670581 0.420977 0.104684 0.186412 0.288883
2 0.805093 0.358361 0.137540 0.247553 0.169500
3 0.572518 0.458760 0.603332 0.917520 0.653757
3 0.298457 0.500000 0.483698 1.000000 0.228608
4 0.668280 0.422166 0.101917 0.184566 0.289214
6 0.404750 0.587931 0.069104 0.079773 0.683696
6 0.433913 0.489125 0.038542 0.113454 0.633305
6 0.387722 0.570881 0.055280 0.059469 0.490781
6 0.416323 0.616724 0.053388 0.044373 0.446995
6 0.446907 0.459975 0.018080 0.082693 0.257846
6 0.417271 0.448106 0.019053 0.073263 0.142108
11 0.273139 0.487773 0.532890 0.975546 0.110623
