0 0.534803 0.780437 0.093573 0.129954 0.168625
2 0.514124 0.476042 0.101564 0.098323 0.967321
2 0.041667 0.432298 0.083334 0.056337 0.928821
2 0.212377 0.467842 0.010251 0.011339 0.366839
2 0.063109 0.327504 0.024066 0.021969 0.234578
2 0.632948 0.715083 0.067032 0.051316 0.223707
2 0.657520 0.359147 0.018204 0.011054 0.146856
2 0.653363 0.559799 0.026607 0.310499 0.139165
2 0.164829 0.332010 0.017223 0.025266 0.103998
2 0.499777 0.435972 0.152894 0.016644 0.103062
4 0.212369 0.467882 0.010134 0.011167 0.451883
4 0.762673 0.511103 0.013248 0.013455 0.107332
6 0.144516 0.453580 0.008196 0.030679 0.808714
6 0.687069 0.688216 0.018081 0.087459 0.787840
6 0.125568 0.457532 0.008304 0.030769 0.675049
6 0.630736 0.778138 0.046239 0.182316 0.656464
6 0.669669 0.691555 0.021485 0.144592 0.577144
6 0.670974 0.717437 0.028912 0.098600 0.538449
6 0.701347 0.702609 0.026005 0.094725 0.517222
6 0.637433 0.739153 0.033159 0.101998 0.476168
6 0.078846 0.469242 0.011609 0.033476 0.144896
10 0.701711 0.859636 0.070089 0.020092 0.496656
11 0.074323 0.078305 0.008133 0.025506 0.173127
