2 0.489064 0.636622 0.093405 0.077367 0.959098
2 0.826166 0.746531 0.105223 0.072474 0.947986
2 0.140514 0.071098 0.076578 0.045316 0.940949
2 0.075371 0.484541 0.078804 0.063417 0.938697
2 0.203491 0.531932 0.082000 0.070787 0.937476
2 0.233621 0.160079 0.051297 0.061914 0.749776
2 0.876860 0.069801 0.006919 0.007148 0.676806
2 0.217532 0.027987 0.010992 0.013440 0.550960
2 0.448273 0.613143 0.012544 0.108638 0.524644
2 0.096668 0.010505 0.075617 0.021010 0.356301
2 0.080081 0.010466 0.040375 0.019744 0.209495
2 0.780362 0.337643 0.002272 0.008710 0.207912
2 0.837546 0.496123 0.013220 0.011775 0.149670
2 0.190608 0.153015 0.008395 0.040595 0.145395
2 0.701267 0.205972 0.009765 0.007112 0.106981
6 0.329367 0.036880 0.012517 0.017260 0.394117
6 0.275736 0.155172 0.013271 0.021441 0.179486
6 0.447142 0.159446 0.011429 0.012397 0.130272
6 0.437719 0.175336 0.008429 0.010403 0.129284
6 0.194210 0.152172 0.016105 0.009843 0.107985
10 0.701429 0.206059 0.009888 0.007085 0.165095
