2 0.704860 0.852903 0.112502 0.158285 0.920153
2 0.565703 0.862323 0.099462 0.213971 0.875602
2 0.553185 0.532217 0.078717 0.132316 0.839825
2 0.053501 0.349013 0.085066 0.121911 0.824049
2 0.570415 0.655595 0.086732 0.190566 0.783544
2 0.069839 0.641133 0.102175 0.175369 0.538200
2 0.051094 0.220575 0.074358 0.112217 0.444142
2 0.741633 0.223531 0.081911 0.100552 0.441042
2 0.686645 0.750663 0.161176 0.190600 0.411071
2 0.700332 0.412161 0.096732 0.365586 0.231341
2 0.717393 0.976364 0.077060 0.047272 0.172391
