2 0.488966 0.261942 0.066879 0.089199 0.648262
2 0.954473 0.281043 0.091054 0.107194 0.638888
2 0.102970 0.493357 0.047844 0.054752 0.635575
2 0.617165 0.453589 0.059185 0.088003 0.582149
2 0.760620 0.419725 0.059556 0.079616 0.520054
2 0.975789 0.520435 0.048422 0.064415 0.466164
2 0.738947 0.508004 0.083830 0.106911 0.404547
2 0.279307 0.830033 0.058406 0.059526 0.366804
2 0.513676 0.348440 0.032399 0.037832 0.344252
2 0.125285 0.583318 0.022042 0.032646 0.236090
2 0.723436 0.552911 0.061858 0.205884 0.173757
2 0.712212 0.349033 0.064357 0.120654 0.152286
2 0.493389 0.388967 0.014690 0.021569 0.147254
2 0.513089 0.268475 0.026114 0.081128 0.101661
3 0.802070 0.329489 0.071530 0.127350 0.483081
3 0.755946 0.527768 0.052976 0.069769 0.319174
3 0.616457 0.453837 0.058632 0.087171 0.311239
3 0.566150 0.386687 0.058027 0.087730 0.179513
3 0.712168 0.348662 0.064256 0.120286 0.174917
8 0.738618 0.507444 0.084329 0.107250 0.613230
8 0.616816 0.450832 0.057862 0.081638 0.339364
8 0.566158 0.386568 0.057986 0.086314 0.160553
8 0.976013 0.522057 0.047975 0.060080 0.136057
8 0.492731 0.069015 0.057805 0.049102 0.134938
