2 0.194695 0.208161 0.064462 0.035450 0.533640
3 0.504285 0.490627 0.058097 0.102298 0.166430
4 0.344513 0.489078 0.123249 0.099601 0.919608
4 0.392829 0.431368 0.088371 0.068324 0.894984
4 0.534738 0.492066 0.119592 0.103750 0.876884
4 0.327416 0.276086 0.100423 0.068980 0.848384
4 0.720477 0.512513 0.089427 0.070630 0.840245
6 0.712680 0.649883 0.015234 0.080177 0.570141
6 0.702031 0.613019 0.014191 0.041006 0.520184
6 0.690038 0.598536 0.013015 0.041415 0.487553
6 0.651645 0.647411 0.011898 0.050017 0.278851
6 0.722492 0.611206 0.011540 0.045106 0.229493
6 0.666779 0.652109 0.016555 0.050405 0.191248
6 0.737045 0.633978 0.013426 0.061367 0.186950
6 0.826612 0.731163 0.018856 0.049027 0.176445
6 0.703574 0.671634 0.011469 0.044206 0.143503
6 0.776217 0.667036 0.017835 0.045965 0.126440
