2 0.496419 0.757614 0.317161 0.272631 0.924092
2 0.488319 0.243888 0.029114 0.036012 0.849779
2 0.680484 0.540333 0.109627 0.070023 0.825616
2 0.354819 0.282427 0.052461 0.044462 0.752238
2 0.840249 0.199300 0.049159 0.036601 0.744940
2 0.126021 0.438097 0.100621 0.066636 0.721492
2 0.248893 0.504314 0.087732 0.061360 0.719577
2 0.775252 0.286429 0.144951 0.085393 0.634995
2 0.361305 0.104163 0.033104 0.023402 0.626988
2 0.245940 0.406705 0.101147 0.063680 0.581227
2 0.434517 0.517973 0.094236 0.067625 0.523460
2 0.598447 0.078180 0.027030 0.018372 0.487524
2 0.010544 0.560628 0.021087 0.077170 0.392708
2 0.289206 0.104661 0.019719 0.015745 0.347999
2 0.054021 0.452507 0.054936 0.036012 0.331345
2 0.269491 0.101611 0.028327 0.025144 0.329532
2 0.361013 0.073942 0.019669 0.017874 0.280653
2 0.416035 0.063166 0.021303 0.023148 0.248543
2 0.693171 0.010627 0.020688 0.021254 0.233712
2 0.345741 0.078068 0.030007 0.020522 0.227618
2 0.565169 0.033284 0.023433 0.019124 0.116070
4 0.510145 0.496407 0.084031 0.076323 0.869106
4 0.610555 0.294078 0.052440 0.044842 0.818454
4 0.397198 0.351205 0.051423 0.052501 0.742839
4 0.526507 0.311294 0.042711 0.054354 0.697470
4 0.434190 0.517594 0.093795 0.068235 0.693951
4 0.741434 0.230328 0.039794 0.040982 0.675789
4 0.685501 0.257095 0.049787 0.054761 0.666124
4 0.354760 0.283941 0.052692 0.041550 0.627229
4 0.774875 0.290713 0.145844 0.075729 0.318866
4 0.361430 0.073709 0.018946 0.018039 0.167458
4 0.341592 0.077920 0.015968 0.016777 0.112659
4 0.429195 0.099333 0.036708 0.022641 0.101759
6 0.455590 0.817434 0.025328 0.154328 0.723587
6 0.565985 0.772046 0.032605 0.142769 0.718064
6 0.401122 0.701653 0.024496 0.134463 0.460219
6 0.565619 0.314233 0.008990 0.022696 0.316013
6 0.452933 0.332425 0.007399 0.024937 0.307231
6 0.364799 0.375420 0.008330 0.026525 0.304691
6 0.468453 0.275379 0.008005 0.023533 0.262858
6 0.012545 0.459462 0.008628 0.028594 0.257050
6 0.318274 0.368783 0.016586 0.026985 0.206487
6 0.424709 0.492992 0.011105 0.023185 0.176815
6 0.351146 0.363601 0.008029 0.025784 0.172135
6 0.332552 0.386336 0.009749 0.029866 0.165060
6 0.472594 0.325197 0.009141 0.025271 0.107784
