2 0.924131 0.636530 0.150717 0.091317 0.907344
2 0.357541 0.122023 0.119153 0.063786 0.853726
2 0.925198 0.316331 0.109962 0.069444 0.845631
2 0.714655 0.216027 0.117570 0.062735 0.815502
2 0.326220 0.309038 0.119107 0.108841 0.552356
2 0.016361 0.041961 0.032585 0.054142 0.444896
2 0.288826 0.553390 0.044319 0.253030 0.101762
4 0.617420 0.775933 0.095452 0.076782 0.873878
4 0.177935 0.625083 0.081857 0.074595 0.872698
4 0.192013 0.750302 0.095813 0.084712 0.867634
4 0.497720 0.593271 0.079072 0.076303 0.824309
6 0.816766 0.960360 0.019584 0.050997 0.276316
