2 0.393705 0.244795 0.163069 0.085236 0.887555
2 0.403158 0.547842 0.181904 0.136576 0.791075
2 0.122614 0.175859 0.119869 0.082274 0.581791
2 0.072419 0.098978 0.109580 0.066719 0.521416
2 0.006651 0.248250 0.013301 0.073091 0.165082
2 0.567658 0.928788 0.100400 0.053739 0.138715
4 0.814755 0.450278 0.119548 0.082122 0.878079
4 0.931944 0.547344 0.118074 0.093754 0.852710
4 0.123110 0.176112 0.120085 0.083810 0.759868
4 0.828351 0.532075 0.107229 0.086233 0.630700
4 0.072640 0.099549 0.109545 0.067516 0.581676
6 0.808111 0.609871 0.021710 0.061655 0.720677
6 0.678565 0.881725 0.023457 0.078521 0.697658
6 0.635498 0.554152 0.020221 0.060215 0.689044
6 0.293953 0.817191 0.030906 0.074790 0.688346
6 0.868375 0.627346 0.018263 0.057663 0.667714
6 0.421656 0.821128 0.023915 0.073288 0.661910
6 0.750153 0.906997 0.023287 0.070414 0.652393
6 0.892217 0.640040 0.020355 0.064176 0.651640
6 0.722685 0.582700 0.020333 0.063684 0.635217
6 0.224032 0.794874 0.024232 0.077414 0.624375
6 0.978705 0.963268 0.023546 0.072870 0.597158
6 0.537644 0.500828 0.017741 0.059311 0.573822
6 0.786452 0.587150 0.018133 0.057767 0.565920
6 0.929409 0.724625 0.022398 0.071204 0.531357
6 0.552995 0.497286 0.018849 0.071892 0.520317
6 0.679105 0.556972 0.025588 0.061354 0.499994
6 0.705703 0.564848 0.020415 0.060416 0.398476
6 0.382187 0.466213 0.021500 0.054681 0.394189
6 0.424207 0.474211 0.021553 0.059135 0.364748
6 0.400476 0.488062 0.021844 0.071352 0.303046
6 0.983516 0.759087 0.030501 0.049725 0.221294
