2 0.399244 0.529127 0.092657 0.100683 0.862036
2 0.680885 0.274323 0.012897 0.031025 0.794642
2 0.596337 0.452661 0.062986 0.075133 0.655369
2 0.749686 0.379337 0.025071 0.049130 0.318063
2 0.878315 0.473952 0.011717 0.013492 0.120988
4 0.400164 0.530762 0.093493 0.097259 0.830925
4 0.596242 0.452499 0.063155 0.075062 0.818408
4 0.722309 0.330791 0.025976 0.043655 0.758652
4 0.749530 0.376962 0.024774 0.054258 0.749960
4 0.680268 0.274414 0.017693 0.033206 0.168075
6 0.640643 0.264384 0.010007 0.019703 0.161537
6 0.609517 0.271068 0.009140 0.020654 0.130140
11 0.222496 0.317538 0.017669 0.042661 0.227388
