0 0.673952 0.091597 0.077119 0.181173 0.133436
2 0.652812 0.433573 0.108109 0.104136 0.949488
2 0.791166 0.354873 0.127427 0.077020 0.948818
2 0.273496 0.547083 0.094948 0.082576 0.946134
2 0.126039 0.778233 0.103930 0.100847 0.939034
2 0.332994 0.896898 0.114200 0.127842 0.935992
2 0.587388 0.669332 0.107417 0.091761 0.935085
2 0.878380 0.805717 0.117252 0.125715 0.930749
2 0.076554 0.664321 0.104338 0.091862 0.925637
2 0.765462 0.341073 0.044321 0.103361 0.715794
10 0.830554 0.319254 0.018830 0.028954 0.600846
