0 0.753742 0.296296 0.159182 0.592593 0.355371
2 0.412870 0.328532 0.175283 0.224272 0.907814
2 0.580665 0.703704 0.494663 0.592593 0.552014
2 0.166735 0.435182 0.332723 0.865501 0.278697
2 0.834527 0.296296 0.329875 0.592593 0.246504
2 0.009728 0.881912 0.019456 0.190263 0.173199
2 0.665678 0.598259 0.331356 0.579577 0.125229
4 0.212395 0.508025 0.033145 0.088843 0.198748
6 0.775643 0.808371 0.049034 0.075837 0.100436
11 0.838109 0.296296 0.323782 0.592593 0.389410
11 0.666505 0.594123 0.333010 0.589533 0.161503
11 0.169313 0.703448 0.327010 0.592082 0.118540
