2 0.502457 0.480513 0.059775 0.187674 0.889489
2 0.407526 0.859450 0.111789 0.246289 0.789554
2 0.089699 0.537569 0.012806 0.012628 0.595669
2 0.102989 0.134620 0.024799 0.036643 0.510949
2 0.561532 0.766422 0.023495 0.051533 0.453539
2 0.209141 0.449945 0.028061 0.047426 0.331718
2 0.586251 0.450211 0.046551 0.089287 0.295375
2 0.825386 0.821737 0.046834 0.186245 0.287155
2 0.624992 0.895261 0.044397 0.147243 0.174791
2 0.830087 0.846674 0.026993 0.109204 0.170184
2 0.683771 0.520826 0.019197 0.026497 0.138083
2 0.656824 0.879423 0.019630 0.086109 0.106713
10 0.648802 0.672952 0.056193 0.173629 0.199736
10 0.561451 0.766313 0.022972 0.050653 0.100230
