0 0.663986 0.648625 0.327972 0.702751 0.243547
0 0.499698 0.592776 0.331876 0.589338 0.164400
1 0.738692 0.294346 0.189282 0.588692 0.187629
1 0.182984 0.389652 0.298683 0.404770 0.133152
2 0.384950 0.317331 0.177762 0.266792 0.909986
2 0.166926 0.442474 0.332814 0.878239 0.350843
2 0.580640 0.703704 0.493133 0.592593 0.272480
2 0.251133 0.704442 0.497048 0.591116 0.129062
4 0.684944 0.805263 0.036556 0.118321 0.223562
11 0.418060 0.703405 0.496877 0.591995 0.235969
11 0.168353 0.703317 0.329343 0.591820 0.159154
