0 0.626469 0.132735 0.027302 0.043248 0.230828
2 0.188293 0.727218 0.225034 0.389380 0.922651
2 0.364483 0.415570 0.311423 0.273595 0.922360
2 0.743044 0.665479 0.218060 0.205036 0.779443
2 0.668530 0.757435 0.267077 0.478630 0.409104
4 0.742932 0.661498 0.215782 0.197633 0.516841
4 0.668710 0.862871 0.266054 0.260065 0.162460
6 0.206475 0.521750 0.031458 0.093785 0.424254
8 0.668193 0.861578 0.266351 0.263560 0.420997
10 0.708735 0.114539 0.098262 0.133493 0.844812
10 0.543668 0.136458 0.032815 0.094418 0.445694
10 0.695393 0.028014 0.047111 0.029993 0.181851
