2 0.645464 0.639542 0.375740 0.685206 0.917065
2 0.833384 0.444255 0.333232 0.876085 0.859765
2 0.517463 0.300156 0.034926 0.098389 0.236336
2 0.342548 0.487729 0.351763 0.209727 0.142135
3 0.333404 0.632442 0.333191 0.552643 0.769963
4 0.478963 0.469518 0.042074 0.111014 0.440843
6 0.608916 0.533499 0.022165 0.062537 0.105161
7 0.192147 0.323046 0.081678 0.066928 0.315663
10 0.166667 0.638940 0.333333 0.685287 0.439013
11 0.499835 0.291637 0.332747 0.583274 0.599319
11 0.833372 0.296340 0.333257 0.588439 0.370918
11 0.166533 0.681451 0.332824 0.548087 0.254177
11 0.665999 0.295510 0.331935 0.591020 0.247228
11 0.333732 0.296296 0.331965 0.592593 0.178169
