2 0.743388 0.590994 0.243194 0.272995 0.871710
2 0.288398 0.120122 0.099188 0.111881 0.862634
2 0.436688 0.264090 0.135068 0.149682 0.834038
6 0.297029 0.901349 0.048463 0.140760 0.748873
6 0.325985 0.845512 0.052756 0.190371 0.681305
6 0.314107 0.785837 0.031955 0.083433 0.477836
6 0.362701 0.824081 0.045196 0.119776 0.444941
6 0.350774 0.709484 0.031210 0.090488 0.407125
6 0.381185 0.724692 0.046524 0.156744 0.364034
6 0.475249 0.132810 0.019394 0.064147 0.342212
6 0.363317 0.628682 0.037960 0.143184 0.281703
6 0.462947 0.176697 0.022239 0.068257 0.264705
6 0.303574 0.081384 0.018564 0.048279 0.239835
6 0.428519 0.507516 0.026624 0.076757 0.207484
6 0.384817 0.618386 0.033285 0.107812 0.200065
6 0.492589 0.150297 0.023994 0.106923 0.179077
6 0.510172 0.121654 0.027195 0.063035 0.169455
6 0.485153 0.383585 0.040806 0.117431 0.160954
6 0.504262 0.175792 0.017274 0.051348 0.158161
6 0.615072 0.063219 0.012831 0.049577 0.156466
6 0.452619 0.480708 0.023659 0.069264 0.150913
6 0.535622 0.116374 0.018405 0.077584 0.146456
6 0.233292 0.911454 0.036147 0.077742 0.145151
6 0.466492 0.543305 0.031158 0.087036 0.134444
6 0.516395 0.231482 0.020808 0.078652 0.126113
6 0.416664 0.587557 0.040219 0.083011 0.115549
6 0.603450 0.064383 0.011418 0.048250 0.109001
6 0.457473 0.439743 0.027774 0.080788 0.103136
