0 0.935834 0.500692 0.128128 0.260614 0.557749
1 0.653247 0.774889 0.026836 0.413751 0.149653
2 0.381908 0.574496 0.049962 0.096572 0.927954
2 0.628875 0.642690 0.047665 0.127090 0.927288
2 0.501205 0.746152 0.058183 0.144273 0.926956
2 0.393813 0.749179 0.069302 0.150289 0.925691
2 0.482330 0.573492 0.048566 0.091247 0.925536
2 0.679385 0.868041 0.083989 0.203048 0.813986
2 0.376738 0.106459 0.147886 0.184027 0.804303
6 0.695623 0.623311 0.013978 0.043105 0.111463
10 0.233922 0.300536 0.008784 0.010895 0.580232
10 0.225391 0.302567 0.006802 0.012211 0.463355
10 0.591819 0.040326 0.009398 0.005788 0.185677
10 0.740307 0.552857 0.004582 0.015294 0.172728
10 0.661716 0.438048 0.009431 0.013231 0.164074
10 0.771384 0.460916 0.007179 0.018564 0.157264
10 0.731272 0.556731 0.006187 0.009437 0.138448
10 0.650944 0.586306 0.017544 0.012378 0.115140
10 0.190374 0.703585 0.285015 0.592355 0.102248
