2 0.644227 0.803215 0.054798 0.132473 0.937399
2 0.501431 0.933054 0.072310 0.133892 0.898673
2 0.636532 0.671633 0.041260 0.100548 0.880184
2 0.421766 0.345858 0.023446 0.037573 0.863113
2 0.685340 0.604381 0.162545 0.092190 0.722052
2 0.588359 0.352379 0.029698 0.014688 0.659487
2 0.535143 0.346674 0.023002 0.014618 0.574951
2 0.572786 0.399018 0.022038 0.016141 0.512743
2 0.537510 0.331242 0.028582 0.013816 0.275228
2 0.015639 0.275083 0.031278 0.044714 0.181579
2 0.481205 0.194127 0.037591 0.077883 0.105270
4 0.572642 0.398878 0.022186 0.016427 0.253816
10 0.657413 0.436601 0.018726 0.063863 0.495864
10 0.147030 0.870147 0.009762 0.011418 0.415415
10 0.218485 0.873499 0.012714 0.014346 0.351441
