0 0.371709 0.398563 0.254889 0.499950 0.308736
0 0.294561 0.407864 0.077545 0.531581 0.187408
2 0.678454 0.531441 0.055891 0.118221 0.903866
2 0.492832 0.905435 0.043124 0.178455 0.844056
2 0.628378 0.549373 0.050576 0.073058 0.839058
2 0.572730 0.636288 0.040917 0.129398 0.839046
2 0.677089 0.240065 0.020807 0.027218 0.483581
2 0.500885 0.478595 0.039816 0.107403 0.318791
2 0.342202 0.954653 0.063486 0.090374 0.309103
2 0.644894 0.085173 0.010114 0.010107 0.278487
2 0.550493 0.887643 0.031823 0.161011 0.244925
2 0.522058 0.491441 0.039553 0.092813 0.208509
2 0.659107 0.541210 0.015119 0.088442 0.149863
2 0.649566 0.432258 0.034195 0.049030 0.121438
2 0.657215 0.250856 0.018710 0.033064 0.120189
2 0.634166 0.075789 0.016612 0.012132 0.116556
