10 0.281953 0.875828 0.044493 0.058738 0.969025
10 0.466292 0.465153 0.149186 0.073933 0.967902
10 0.358858 0.707289 0.060716 0.063660 0.966454
10 0.394685 0.604349 0.036623 0.080247 0.964526
10 0.536070 0.500362 0.038296 0.059929 0.963995
10 0.372412 0.154145 0.190500 0.242484 0.963574
10 0.300369 0.805640 0.065290 0.081128 0.963369
10 0.621046 0.533779 0.047376 0.084674 0.962736
10 0.777383 0.609399 0.046358 0.077758 0.960132
10 0.704801 0.555635 0.071889 0.089421 0.960107
10 0.693656 0.592800 0.117733 0.014726 0.443437
10 0.343909 0.689845 0.177278 0.025358 0.298976
10 0.302280 0.172035 0.020439 0.166564 0.214090
