0 0.168643 0.164524 0.168643 0.329049 0.865542
0 0.084481 0.247251 0.168324 0.491859 0.857711
0 0.084256 0.492945 0.168512 0.327792 0.810296
0 0.085524 0.657892 0.165955 0.327771 0.644587
0 0.168857 0.653034 0.167928 0.316377 0.640702
0 0.589263 0.746408 0.166454 0.505670 0.571888
0 0.878435 0.164524 0.238240 0.329049 0.503462
0 0.843142 0.328447 0.168446 0.327845 0.466031
0 0.422145 0.492485 0.166648 0.326788 0.463580
0 0.126208 0.826712 0.252250 0.337228 0.444363
0 0.252798 0.738060 0.168310 0.488973 0.357157
0 0.337180 0.328258 0.167723 0.326519 0.255006
0 0.337463 0.658484 0.167682 0.328276 0.195990
0 0.084246 0.834229 0.168456 0.326556 0.144608
0 0.674463 0.835476 0.167327 0.329049 0.141375
1 0.843215 0.828274 0.168643 0.336900 0.142474
2 0.842986 0.493028 0.168184 0.327959 0.461233
2 0.505785 0.658098 0.168356 0.329049 0.447754
2 0.880069 0.748475 0.239862 0.490305 0.398433
2 0.546668 0.835519 0.250121 0.328961 0.269286
2 0.843595 0.329049 0.167883 0.329049 0.255473
2 0.915346 0.164017 0.167347 0.327901 0.235039
2 0.758533 0.492904 0.167921 0.327710 0.224238
2 0.421087 0.328265 0.167603 0.327482 0.195904
2 0.588806 0.822622 0.165755 0.329049 0.114109
10 0.484854 0.130145 0.017193 0.034104 0.893117
10 0.589953 0.493364 0.168049 0.328164 0.315379
10 0.589895 0.246659 0.167932 0.493319 0.280633
10 0.758785 0.164567 0.168425 0.328963 0.235791
10 0.589576 0.658098 0.167294 0.329049 0.220419
10 0.674043 0.657961 0.167405 0.328776 0.119371
10 0.925952 0.206385 0.019746 0.033041 0.114366
11 0.168720 0.329068 0.168489 0.329011 0.823530
11 0.717728 0.830532 0.250761 0.338935 0.716635
11 0.295196 0.246394 0.252823 0.492787 0.713576
11 0.421638 0.164524 0.168516 0.329049 0.568019
11 0.462384 0.657271 0.250196 0.327395 0.553011
11 0.506023 0.829049 0.168454 0.341902 0.551942
11 0.168381 0.493573 0.168119 0.329049 0.473162
11 0.084330 0.329049 0.168625 0.329049 0.470479
11 0.252976 0.328236 0.168621 0.327423 0.453582
11 0.631624 0.493573 0.251391 0.329049 0.353070
11 0.464595 0.493573 0.251311 0.329049 0.346309
11 0.548069 0.329002 0.250412 0.328956 0.345710
11 0.421586 0.329380 0.167560 0.328386 0.281570
11 0.421607 0.825681 0.168643 0.335168 0.183169
11 0.294820 0.493573 0.251930 0.329049 0.175181
11 0.337416 0.822622 0.168383 0.329049 0.108102
