2 0.538438 0.164733 0.183667 0.329465 0.644855
2 0.895395 0.151016 0.182171 0.302032 0.640676
2 0.775354 0.164761 0.235505 0.329522 0.530482
2 0.434688 0.164779 0.187384 0.329557 0.379287
2 0.444872 0.574729 0.175259 0.490343 0.340596
2 0.650947 0.021956 0.051545 0.043913 0.334265
2 0.361825 0.658982 0.168888 0.329293 0.317668
2 0.535519 0.325746 0.177931 0.321936 0.229012
2 0.441098 0.822582 0.167072 0.326935 0.187640
2 0.446952 0.329444 0.176125 0.329330 0.187168
2 0.798904 0.326274 0.168839 0.322990 0.100113
4 0.458765 0.846176 0.018428 0.016814 0.297635
6 0.835300 0.923836 0.006215 0.017352 0.119118
10 0.861642 0.259069 0.029015 0.054134 0.920646
10 0.818072 0.093717 0.027794 0.048816 0.914287
10 0.910658 0.163375 0.030227 0.065007 0.869911
10 0.868920 0.222704 0.028530 0.065696 0.869452
10 0.931259 0.117759 0.031351 0.069828 0.858784
10 0.891899 0.202862 0.029624 0.056407 0.857235
10 0.620593 0.151342 0.017756 0.039552 0.235672
11 0.714487 0.326552 0.178497 0.322767 0.471290
11 0.803796 0.164780 0.178621 0.329555 0.360697
11 0.625349 0.330116 0.178029 0.327026 0.133011
