2 0.714717 0.459933 0.025926 0.042386 0.510966
2 0.467912 0.508104 0.116710 0.139015 0.451482
2 0.653902 0.610400 0.021254 0.050211 0.289694
2 0.526448 0.457813 0.116646 0.135590 0.278893
2 0.409382 0.551352 0.116908 0.050017 0.214173
6 0.875907 0.671539 0.113419 0.235700 0.286970
10 0.452562 0.422877 0.550944 0.312336 0.959692
10 0.660947 0.903558 0.035324 0.058284 0.352879
10 0.622767 0.610260 0.041016 0.042616 0.124846
11 0.294661 0.392050 0.229289 0.262133 0.758705
11 0.350877 0.481227 0.116959 0.085262 0.370097
11 0.643117 0.477842 0.116459 0.078303 0.328529
11 0.234716 0.429881 0.115362 0.158008 0.328399
11 0.175439 0.350996 0.116959 0.170615 0.320186
11 0.459205 0.619771 0.055778 0.011472 0.274122
11 0.641147 0.412873 0.112703 0.051305 0.228816
11 0.351286 0.550635 0.115912 0.048638 0.179451
11 0.058448 0.451052 0.116578 0.024912 0.179257
11 0.235097 0.263160 0.114601 0.175434 0.143241
