1 0.873059 0.559464 0.253656 0.361068 0.111159
2 0.872292 0.053817 0.019490 0.024048 0.812813
2 0.832946 0.063489 0.022275 0.032600 0.607394
2 0.148939 0.758127 0.209338 0.376695 0.508006
2 0.127473 0.812878 0.252662 0.372446 0.478277
2 0.551053 0.411083 0.086206 0.064320 0.476758
2 0.505618 0.759902 0.004636 0.021587 0.271169
2 0.396744 0.805552 0.031584 0.278128 0.257272
2 0.576658 0.189393 0.058686 0.378786 0.239349
2 0.141522 0.227658 0.029002 0.044858 0.205795
2 0.308710 0.661188 0.023825 0.022452 0.197035
2 0.730432 0.255554 0.031654 0.035692 0.175418
2 0.342287 0.521736 0.097088 0.066916 0.158387
2 0.722204 0.834450 0.012181 0.025536 0.128298
2 0.514233 0.548867 0.058190 0.039034 0.128162
2 0.761804 0.568321 0.252529 0.378796 0.108812
2 0.517662 0.572351 0.054144 0.007934 0.108075
2 0.737192 0.911736 0.015715 0.030498 0.105520
2 0.429613 0.985971 0.041062 0.028044 0.100632
3 0.496955 0.552836 0.021964 0.047753 0.505241
4 0.722298 0.834292 0.012301 0.025864 0.395251
4 0.512530 0.553486 0.053147 0.045410 0.287313
4 0.875588 0.087971 0.019666 0.018459 0.162836
6 0.132820 0.619937 0.024434 0.020765 0.267201
7 0.722359 0.834182 0.012229 0.026128 0.191727
7 0.663597 0.672963 0.023646 0.019414 0.156506
8 0.342070 0.524067 0.100560 0.072772 0.538889
8 0.513309 0.553484 0.055729 0.045588 0.405852
10 0.270542 0.774456 0.287115 0.405329 0.924085
10 0.051565 0.852013 0.087113 0.053860 0.856300
10 0.127088 0.577573 0.253761 0.397301 0.745931
10 0.634614 0.783311 0.506014 0.429856 0.558971
10 0.695435 0.568384 0.372742 0.378922 0.341082
10 0.761073 0.810539 0.252305 0.378922 0.311317
10 0.354114 0.795908 0.087895 0.074504 0.169258
10 0.655338 0.189461 0.212485 0.378922 0.122935
11 0.443103 0.378922 0.375538 0.378922 0.730519
11 0.307301 0.189534 0.356341 0.378777 0.252990
