0 0.300715 0.893336 0.256874 0.211772 0.801216
0 0.214768 0.097937 0.256844 0.195873 0.726569
0 0.086133 0.098272 0.171505 0.196544 0.413984
0 0.182081 0.590490 0.145613 0.196668 0.297483
1 0.086272 0.393357 0.172005 0.196127 0.789108
1 0.256544 0.245658 0.168539 0.294453 0.412498
1 0.246553 0.098397 0.148558 0.196795 0.258277
1 0.129220 0.491436 0.086110 0.195422 0.173294
2 0.302116 0.774185 0.257142 0.223392 0.897751
2 0.214004 0.541128 0.251967 0.294807 0.735459
2 0.086496 0.097001 0.171557 0.193717 0.609360
2 0.215215 0.196863 0.257211 0.196863 0.586278
2 0.687042 0.746732 0.168163 0.065186 0.575382
2 0.172515 0.734565 0.171793 0.287955 0.477208
2 0.887618 0.896221 0.224764 0.207421 0.467715
2 0.172775 0.393233 0.171273 0.195878 0.453329
2 0.818360 0.798413 0.256905 0.162237 0.402990
2 0.487622 0.971193 0.113048 0.026147 0.335712
2 0.301211 0.901452 0.256274 0.196629 0.334747
2 0.172402 0.887529 0.172019 0.200102 0.288004
2 0.171481 0.295294 0.169489 0.196863 0.247942
2 0.086168 0.732615 0.172152 0.284055 0.196193
2 0.430206 0.853946 0.169043 0.063614 0.188284
2 0.257682 0.097914 0.170815 0.195828 0.175149
2 0.086144 0.339602 0.172260 0.280009 0.164280
2 0.361590 0.726700 0.034081 0.121500 0.154204
2 0.128065 0.590081 0.087857 0.195849 0.131086
3 0.872359 0.885940 0.194247 0.177964 0.396513
3 0.742590 0.903558 0.065225 0.084869 0.238130
4 0.913923 0.894842 0.172139 0.210316 0.348385
4 0.742569 0.898896 0.065334 0.094758 0.289040
4 0.709675 0.969741 0.041092 0.060396 0.129001
4 0.284247 0.738189 0.117548 0.098522 0.100210
10 0.479049 0.405195 0.177542 0.051976 0.937777
10 0.435868 0.398103 0.161885 0.066193 0.855211
10 0.171706 0.295294 0.171137 0.196863 0.635287
10 0.257009 0.393664 0.169470 0.196740 0.558362
10 0.782961 0.878174 0.156823 0.136921 0.457081
10 0.439441 0.384844 0.151997 0.017763 0.401717
10 0.211220 0.689019 0.077796 0.196863 0.346862
10 0.503065 0.387230 0.144757 0.012837 0.283063
10 0.213355 0.590352 0.082161 0.196391 0.132235
10 0.126364 0.590359 0.091123 0.196405 0.117528
11 0.172374 0.893725 0.172075 0.212550 0.325714
11 0.086139 0.295716 0.172271 0.195423 0.272761
11 0.429950 0.788177 0.170801 0.194388 0.149550
