1 0.019684 0.796258 0.039251 0.406764 0.119042
4 0.331223 0.614364 0.064834 0.042977 0.687697
6 0.679351 0.771883 0.030704 0.084673 0.230561
10 0.642788 0.734869 0.600691 0.529752 0.828090
10 0.203421 0.796438 0.404343 0.407125 0.804185
10 0.504485 0.733442 0.345815 0.524593 0.718672
10 0.837801 0.797450 0.319896 0.403682 0.636541
10 0.048458 0.233763 0.096916 0.028324 0.456352
10 0.894240 0.573279 0.030274 0.015306 0.327056
10 0.271030 0.610687 0.270810 0.407125 0.251693
10 0.349829 0.630677 0.113212 0.316770 0.199589
10 0.404308 0.540581 0.266169 0.140213 0.163023
10 0.275837 0.405247 0.015684 0.008122 0.142581
11 0.163171 0.255608 0.055370 0.077416 0.294507
