0 0.775171 0.135184 0.124545 0.260520 0.114926
1 0.528733 0.522101 0.179766 0.244202 0.736344
1 0.501456 0.732000 0.268631 0.397333 0.551961
1 0.356162 0.666667 0.176142 0.266667 0.468872
1 0.448081 0.833333 0.167294 0.333333 0.467209
1 0.898991 0.715997 0.197981 0.365328 0.430148
1 0.177948 0.654783 0.177330 0.241769 0.426825
1 0.711111 0.666628 0.177778 0.266588 0.369993
1 0.177877 0.824552 0.177579 0.313323 0.275134
1 0.356195 0.533405 0.176500 0.265209 0.263706
1 0.354745 0.866432 0.174601 0.266197 0.249514
1 0.532532 0.264315 0.176175 0.261963 0.191852
1 0.266473 0.899106 0.176108 0.194328 0.114463
1 0.224848 0.224231 0.093094 0.180260 0.107469
1 0.872560 0.469652 0.032657 0.126346 0.100445
2 0.088948 0.831136 0.177523 0.328712 0.463673
2 0.443803 0.265135 0.175270 0.262318 0.297897
2 0.176572 0.228248 0.171723 0.189829 0.198932
2 0.355481 0.865086 0.175232 0.263505 0.177430
2 0.445195 0.133681 0.175907 0.264396 0.145059
2 0.802210 0.230874 0.166242 0.195082 0.139454
2 0.532096 0.263845 0.175303 0.261023 0.137288
2 0.854325 0.752187 0.069127 0.037707 0.117172
2 0.355791 0.399918 0.177203 0.266252 0.100983
6 0.622207 0.835394 0.175934 0.320192 0.269315
6 0.644177 0.535086 0.043909 0.261073 0.184729
10 0.500135 0.501414 0.999730 0.997172 0.953514
11 0.355773 0.266452 0.176985 0.265591 0.307566
11 0.623585 0.262401 0.172729 0.258135 0.290438
