0 0.617690 0.662113 0.164789 0.257560 0.208089
1 0.266667 0.385361 0.177778 0.228534 0.646622
1 0.356176 0.288644 0.176536 0.222713 0.431655
1 0.565749 0.270031 0.064828 0.259938 0.383036
1 0.798816 0.448547 0.175245 0.097094 0.328509
1 0.899843 0.706632 0.198608 0.079931 0.272369
1 0.767308 0.702805 0.242128 0.072278 0.264617
1 0.701756 0.447743 0.158912 0.095486 0.216416
1 0.798810 0.593071 0.175398 0.147191 0.123457
2 0.453574 0.710270 0.196037 0.351088 0.930341
2 0.355740 0.661428 0.177254 0.250245 0.849339
2 0.571965 0.701983 0.255041 0.337231 0.808608
2 0.355556 0.364924 0.177778 0.282374 0.800418
2 0.444462 0.382807 0.177742 0.232281 0.716001
2 0.266667 0.623553 0.177778 0.180352 0.542565
2 0.899196 0.653790 0.198161 0.240453 0.272374
2 0.898856 0.448011 0.196782 0.096021 0.264673
2 0.697150 0.654766 0.149809 0.273637 0.193854
2 0.177925 0.355860 0.177483 0.088279 0.190824
2 0.527451 0.198632 0.165765 0.136014 0.175610
6 0.632808 0.357376 0.078235 0.283542 0.735804
6 0.845498 0.371361 0.087605 0.250600 0.648036
6 0.727081 0.395113 0.079308 0.204398 0.480445
6 0.477515 0.422867 0.033796 0.155845 0.460437
6 0.696981 0.388955 0.028261 0.215800 0.310502
6 0.551824 0.422607 0.038683 0.148476 0.284313
6 0.627720 0.728046 0.086642 0.122759 0.133493
6 0.608930 0.294490 0.026585 0.211021 0.122481
10 0.401509 0.318154 0.740281 0.361113 0.964494
10 0.738653 0.612722 0.055085 0.186182 0.708848
10 0.800082 0.448139 0.174641 0.096278 0.361719
