1 0.371726 0.375396 0.243452 0.360618 0.305023
1 0.860428 0.821741 0.029145 0.141301 0.207688
2 0.963223 0.825991 0.073553 0.104412 0.103724
10 0.503571 0.478060 0.992453 0.530209 0.955768
10 0.562735 0.596241 0.374531 0.280471 0.923026
10 0.749991 0.612444 0.249362 0.248809 0.919590
10 0.799411 0.578705 0.346946 0.172139 0.888632
10 0.250667 0.188240 0.247569 0.372059 0.801666
10 0.500064 0.548208 0.248778 0.264306 0.792724
10 0.331221 0.517084 0.337558 0.285631 0.636773
10 0.126646 0.387234 0.246708 0.348339 0.621086
10 0.500000 0.499766 0.250000 0.123275 0.490687
10 0.500716 0.526320 0.248567 0.070168 0.343624
