2 0.666667 0.529360 0.333333 0.448334 0.826549
2 0.499875 0.462188 0.333084 0.288894 0.781970
2 0.053836 0.599844 0.107349 0.073341 0.674631
2 0.333028 0.296565 0.332723 0.315529 0.374472
2 0.833512 0.848018 0.332976 0.302118 0.278975
2 0.324470 0.719750 0.303369 0.046136 0.182985
3 0.166424 0.299910 0.332528 0.296503 0.376030
3 0.835589 0.420377 0.328821 0.230782 0.249246
10 0.498663 0.543805 0.997327 0.428978 0.887232
10 0.688929 0.154947 0.352861 0.085273 0.645242
10 0.166521 0.151222 0.333043 0.302444 0.226896
10 0.833524 0.602846 0.332953 0.295740 0.153931
11 0.166623 0.605327 0.333246 0.300702 0.851957
11 0.333333 0.520175 0.333333 0.428044 0.791240
11 0.667208 0.847498 0.332229 0.301572 0.655645
11 0.333280 0.799681 0.333227 0.386092 0.474458
11 0.833333 0.803309 0.333333 0.393348 0.423988
11 0.500000 0.465233 0.333333 0.282281 0.282745
11 0.665981 0.366863 0.331963 0.175919 0.141715
