0 0.111143 0.216191 0.216180 0.216165 0.404677
0 0.292472 0.432117 0.146188 0.215586 0.256792
0 0.365756 0.432218 0.145276 0.215786 0.254413
0 0.658894 0.891315 0.144685 0.215061 0.170898
0 0.219780 0.107887 0.144870 0.215775 0.157321
0 0.220536 0.756553 0.143847 0.215809 0.148735
0 0.438936 0.349506 0.145895 0.165852 0.142976
0 0.445249 0.648649 0.133256 0.216216 0.128938
0 0.078529 0.432432 0.130183 0.216216 0.123956
0 0.877860 0.892109 0.145560 0.215781 0.101932
1 0.658081 0.432306 0.146144 0.215964 0.834886
1 0.585009 0.378343 0.146252 0.324254 0.799414
1 0.550249 0.878378 0.213171 0.243243 0.662062
1 0.511710 0.757520 0.145906 0.214689 0.623758
1 0.368528 0.756757 0.140457 0.216216 0.556901
1 0.584676 0.552622 0.145586 0.238388 0.549742
1 0.510917 0.540430 0.144320 0.215996 0.444174
1 0.731147 0.444208 0.146023 0.192639 0.329157
1 0.926957 0.749962 0.146086 0.202372 0.110536
2 0.438658 0.432432 0.145782 0.216216 0.787953
2 0.365995 0.693478 0.145344 0.305874 0.776968
2 0.511903 0.432265 0.146212 0.215882 0.732503
2 0.475627 0.540541 0.218302 0.216216 0.616741
2 0.804388 0.862586 0.146252 0.211550 0.407740
2 0.293110 0.792101 0.145042 0.070688 0.388453
2 0.219598 0.534569 0.145814 0.226526 0.324160
2 0.365504 0.540494 0.145428 0.215685 0.285942
2 0.731229 0.648649 0.146187 0.216216 0.209947
2 0.926840 0.755875 0.146184 0.214453 0.176896
2 0.658237 0.756985 0.146049 0.214866 0.142794
2 0.311126 0.241142 0.018528 0.015557 0.131829
2 0.056308 0.774520 0.008406 0.009061 0.117550
2 0.439953 0.297822 0.143860 0.053004 0.103087
2 0.078378 0.764520 0.005380 0.010990 0.100926
4 0.286669 0.948232 0.022001 0.015359 0.357484
6 0.199773 0.379145 0.128485 0.322791 0.825538
7 0.284103 0.948308 0.016803 0.015414 0.569279
10 0.508882 0.481544 0.977001 0.735537 0.901477
10 0.219600 0.648393 0.145809 0.215704 0.863270
10 0.658176 0.216247 0.146098 0.197552 0.853750
10 0.044329 0.302973 0.017943 0.012879 0.811573
10 0.902194 0.520471 0.195612 0.256354 0.783817
10 0.804413 0.591476 0.146183 0.316478 0.753997
10 0.581662 0.239998 0.152665 0.168653 0.728713
10 0.877519 0.646599 0.146243 0.212117 0.675531
10 0.560464 0.078622 0.019974 0.010464 0.644960
10 0.177008 0.367567 0.084728 0.086485 0.576196
10 0.365704 0.877244 0.145195 0.240974 0.522416
10 0.292779 0.648499 0.145426 0.215917 0.491910
10 0.513773 0.215777 0.017372 0.011107 0.489970
10 0.877514 0.878071 0.146252 0.242629 0.482708
10 0.657958 0.529215 0.145826 0.193148 0.479988
10 0.082953 0.778147 0.018346 0.018459 0.477887
10 0.363828 0.120570 0.018018 0.010918 0.465179
10 0.548549 0.324414 0.219093 0.216036 0.464955
10 0.804293 0.878257 0.145999 0.242697 0.426574
10 0.044222 0.073638 0.017450 0.010470 0.413589
10 0.731014 0.890059 0.145757 0.212550 0.398222
10 0.438816 0.402243 0.146134 0.276596 0.380078
10 0.369011 0.755188 0.139354 0.213079 0.369173
10 0.511650 0.540406 0.145786 0.215947 0.355145
10 0.877514 0.753144 0.146252 0.208991 0.352053
10 0.695312 0.756696 0.218151 0.215404 0.348112
10 0.511883 0.871649 0.146252 0.229784 0.339622
10 0.657923 0.111025 0.145828 0.210382 0.258075
10 0.219807 0.756577 0.144846 0.215856 0.253746
10 0.909863 0.415290 0.179117 0.034286 0.239392
10 0.365536 0.432432 0.145401 0.216216 0.204978
10 0.731163 0.539872 0.146055 0.214057 0.171995
10 0.752968 0.304931 0.043412 0.144428 0.128468
10 0.804442 0.756161 0.146143 0.214995 0.116370
10 0.312022 0.242082 0.016076 0.013046 0.114323
11 0.255962 0.540541 0.218943 0.216216 0.823004
11 0.804595 0.756757 0.145838 0.216216 0.780228
11 0.255936 0.648595 0.218531 0.216109 0.732288
11 0.649051 0.108348 0.164421 0.215737 0.394523
11 0.877530 0.755350 0.146219 0.213403 0.342845
11 0.839764 0.323719 0.216807 0.214534 0.249507
11 0.146940 0.607847 0.144878 0.134613 0.167362
11 0.511796 0.648909 0.146078 0.215696 0.164934
11 0.365394 0.540605 0.145779 0.216088 0.148509
11 0.927052 0.891713 0.145896 0.215858 0.126821
