2 0.562558 0.930618 0.852377 0.138764 0.789358
2 0.060021 0.836462 0.120043 0.222745 0.171892
6 0.078437 0.572958 0.021185 0.044881 0.711776
6 0.506035 0.624449 0.110517 0.235030 0.565870
6 0.626114 0.646958 0.181003 0.198034 0.448799
6 0.123826 0.574066 0.022744 0.044850 0.394644
6 0.197498 0.575210 0.016925 0.045088 0.300068
6 0.896626 0.563877 0.026345 0.065683 0.250217
6 0.146904 0.574798 0.021176 0.042186 0.234225
6 0.094104 0.570888 0.015832 0.040659 0.204138
10 0.368289 0.293300 0.204997 0.156413 0.958987
