0 0.622740 0.702955 0.150615 0.234178 0.154950
1 0.352616 0.415749 0.232267 0.340234 0.915671
1 0.507287 0.353878 0.233080 0.229629 0.869300
1 0.078110 0.400278 0.156220 0.311369 0.842341
1 0.864841 0.851520 0.167183 0.296961 0.830997
1 0.876734 0.333025 0.184308 0.269638 0.745445
1 0.628754 0.850536 0.162497 0.265671 0.742999
1 0.715796 0.351520 0.121554 0.234346 0.723244
1 0.666063 0.195189 0.053759 0.312661 0.659935
1 0.714056 0.136499 0.121184 0.195695 0.632138
1 0.234190 0.467797 0.155702 0.232104 0.584374
1 0.786388 0.469792 0.145975 0.229503 0.549829
1 0.912957 0.886776 0.138133 0.226447 0.523212
1 0.707108 0.234184 0.066501 0.234022 0.516650
1 0.073111 0.703039 0.088979 0.234346 0.410261
1 0.781768 0.881232 0.154485 0.230573 0.360847
1 0.077536 0.585242 0.155072 0.233099 0.353924
1 0.546157 0.471091 0.153994 0.238461 0.345366
1 0.468774 0.203471 0.155818 0.072419 0.317862
1 0.717107 0.351375 0.027964 0.234058 0.254803
1 0.859804 0.235210 0.155310 0.232619 0.237478
1 0.481395 0.820261 0.025289 0.231991 0.146069
1 0.609148 0.959333 0.119935 0.081158 0.142337
1 0.921875 0.468611 0.156250 0.234184 0.113864
1 0.703565 0.822414 0.154944 0.229943 0.112913
2 0.859370 0.563399 0.156240 0.189412 0.150052
2 0.555327 0.234881 0.016904 0.210326 0.104954
10 0.499712 0.522548 0.999423 0.954904 0.955159
10 0.625048 0.585575 0.156154 0.467003 0.943558
10 0.388673 0.619461 0.306883 0.301536 0.916047
10 0.781228 0.644265 0.155938 0.351145 0.910940
10 0.500164 0.749885 0.249672 0.328038 0.898388
10 0.273415 0.238597 0.233176 0.225448 0.891631
10 0.195388 0.519865 0.233838 0.331914 0.888795
10 0.781250 0.850410 0.156250 0.293919 0.857224
10 0.703144 0.512016 0.156211 0.320992 0.850408
10 0.859303 0.449204 0.156106 0.423150 0.801444
10 0.473180 0.882822 0.147390 0.233322 0.781263
10 0.862052 0.351520 0.149587 0.234346 0.726220
10 0.890586 0.683155 0.218672 0.225473 0.688821
10 0.468756 0.468322 0.156238 0.233605 0.664518
10 0.116921 0.237980 0.233842 0.227078 0.651295
10 0.390625 0.240842 0.156250 0.221356 0.580277
10 0.235692 0.350914 0.153616 0.233135 0.554516
10 0.234244 0.472170 0.155988 0.227391 0.540045
10 0.546785 0.468724 0.156070 0.234284 0.532330
10 0.078125 0.584069 0.156250 0.230509 0.497186
10 0.918987 0.217357 0.146381 0.033979 0.452817
10 0.623838 0.880540 0.153925 0.229773 0.384993
10 0.102916 0.882466 0.201426 0.233626 0.356181
10 0.624943 0.380709 0.156136 0.175967 0.308809
10 0.506988 0.193489 0.231689 0.281826 0.301346
10 0.390277 0.194734 0.155553 0.101216 0.280560
10 0.703077 0.882827 0.156153 0.234346 0.194426
10 0.179908 0.864816 0.047316 0.134752 0.183129
10 0.019038 0.163589 0.038077 0.096876 0.169871
10 0.078367 0.352848 0.155518 0.230397 0.150698
10 0.921777 0.565746 0.156055 0.192156 0.135647
10 0.664839 0.351456 0.079678 0.233746 0.122061
