0 0.912194 0.492746 0.175611 0.328070 0.249023
1 0.900634 0.328711 0.198471 0.328711 0.490795
1 0.444309 0.657513 0.177507 0.328527 0.128934
1 0.888252 0.164355 0.176503 0.328711 0.128479
2 0.266740 0.411018 0.177632 0.492411 0.580193
2 0.578916 0.828026 0.264389 0.341209 0.554805
2 0.196413 0.493066 0.140508 0.328711 0.528472
2 0.355379 0.657422 0.177424 0.328711 0.490973
2 0.534298 0.835645 0.175636 0.328711 0.382666
2 0.620171 0.657146 0.173558 0.328159 0.358874
2 0.566257 0.141071 0.021252 0.035022 0.309696
2 0.900320 0.493135 0.199174 0.328574 0.236378
2 0.183095 0.651926 0.166803 0.317720 0.228049
2 0.800184 0.827583 0.177410 0.340322 0.224158
2 0.146597 0.968859 0.011339 0.019995 0.153531
2 0.710766 0.163662 0.177087 0.326105 0.133513
3 0.388992 0.205514 0.021166 0.031842 0.330109
4 0.268688 0.675791 0.019553 0.036738 0.321538
6 0.144939 0.595073 0.011789 0.019531 0.173977
10 0.642358 0.349459 0.039356 0.074435 0.947062
10 0.225310 0.135583 0.048176 0.095434 0.941845
10 0.865765 0.851278 0.045468 0.082004 0.930419
10 0.776858 0.657844 0.059006 0.091630 0.912099
10 0.899934 0.657422 0.197396 0.328711 0.900310
10 0.957680 0.731551 0.047298 0.075432 0.863015
10 0.541486 0.503687 0.194083 0.307469 0.837174
10 0.654568 0.319966 0.075583 0.017489 0.293623
10 0.280485 0.068694 0.024088 0.035129 0.271757
10 0.618983 0.657422 0.171300 0.328711 0.250586
11 0.132756 0.246533 0.265511 0.493066 0.922208
11 0.443238 0.245932 0.352188 0.491865 0.911046
11 0.229761 0.568892 0.251589 0.480363 0.803454
11 0.355344 0.409855 0.177355 0.490999 0.651058
11 0.046477 0.487216 0.092953 0.317009 0.565995
11 0.710685 0.828711 0.176926 0.342578 0.507522
11 0.444399 0.492956 0.177686 0.327418 0.379279
11 0.533323 0.657422 0.177758 0.328711 0.365899
11 0.533333 0.835620 0.177778 0.328663 0.287317
11 0.931804 0.164355 0.136392 0.328711 0.263786
11 0.533302 0.327590 0.177715 0.326289 0.204484
11 0.266577 0.164021 0.177599 0.328042 0.133155
11 0.136875 0.895544 0.095971 0.208738 0.106066
