0 0.733245 0.354919 0.133158 0.236291 0.227034
1 0.866693 0.355161 0.133237 0.236774 0.566162
1 0.350520 0.236596 0.034372 0.236418 0.265314
1 0.933431 0.118422 0.133138 0.236703 0.260437
1 0.328327 0.591935 0.123320 0.236774 0.147534
1 0.480978 0.355161 0.102026 0.236774 0.146552
1 0.319782 0.354864 0.106191 0.236180 0.146022
1 0.489692 0.473485 0.045982 0.236647 0.135837
1 0.906447 0.236728 0.079510 0.236682 0.123354
1 0.826606 0.804479 0.045419 0.069920 0.121799
2 0.973924 0.344978 0.052151 0.435700 0.874553
2 0.830251 0.447233 0.193596 0.420567 0.763338
2 0.866742 0.118187 0.132601 0.235764 0.750427
2 0.785887 0.771043 0.128633 0.342422 0.736749
2 0.311953 0.225796 0.115480 0.255301 0.595740
2 0.045609 0.498213 0.039580 0.113284 0.589216
2 0.954422 0.968485 0.086804 0.063029 0.560330
2 0.633246 0.234854 0.199676 0.232639 0.541997
2 0.275049 0.853960 0.116260 0.287128 0.493730
2 0.733394 0.354209 0.133212 0.234526 0.490383
2 0.666753 0.412553 0.133017 0.351557 0.481829
2 0.922229 0.905325 0.022208 0.189350 0.448132
2 0.933333 0.755951 0.133333 0.327342 0.362462
2 0.788233 0.832762 0.135346 0.241545 0.357220
2 0.795544 0.606391 0.012058 0.028911 0.347020
2 0.154578 0.116777 0.081634 0.233555 0.344487
2 0.132732 0.237562 0.131165 0.235198 0.344286
2 0.290666 0.709435 0.085082 0.235001 0.342029
2 0.010154 0.726925 0.020308 0.196916 0.329059
2 0.734089 0.593742 0.011588 0.025568 0.316614
2 0.566831 0.415272 0.199670 0.353326 0.297952
2 0.329564 0.177048 0.125638 0.354096 0.288462
2 0.934168 0.209474 0.131663 0.291185 0.259636
2 0.723232 0.577828 0.020202 0.075403 0.253657
2 0.130145 0.355064 0.126957 0.236580 0.248892
2 0.346988 0.118091 0.027310 0.236183 0.219202
2 0.288033 0.354981 0.170443 0.236413 0.215419
2 0.294868 0.117586 0.076511 0.235105 0.201833
2 0.533516 0.245216 0.132713 0.218629 0.151772
2 0.727759 0.777572 0.011150 0.222558 0.151727
2 0.164382 0.116329 0.062098 0.232658 0.151623
2 0.351207 0.354109 0.035747 0.234670 0.130699
2 0.132791 0.473548 0.131100 0.236774 0.111796
2 0.800047 0.118451 0.132986 0.231562 0.100165
4 0.873675 0.399979 0.009149 0.024949 0.292266
6 0.044817 0.497576 0.037572 0.114048 0.443755
6 0.663898 0.276786 0.021825 0.042713 0.136706
6 0.791308 0.457190 0.017383 0.032717 0.134926
8 0.765147 0.850740 0.045417 0.045815 0.103760
10 0.778789 0.214530 0.051253 0.068313 0.893266
10 0.044621 0.495187 0.038939 0.101017 0.790364
10 0.987665 0.510870 0.004964 0.010542 0.463350
10 0.933382 0.295689 0.132851 0.354390 0.354814
10 0.784813 0.242735 0.026246 0.011921 0.313746
10 0.733343 0.502543 0.133315 0.294176 0.298746
10 0.765994 0.075496 0.198524 0.150991 0.258168
10 0.465291 0.446114 0.004642 0.008270 0.160417
10 0.785729 0.594437 0.028395 0.097274 0.137728
10 0.910615 0.673152 0.006946 0.037098 0.118144
10 0.824518 0.557594 0.046747 0.078525 0.101704
11 0.732749 0.855507 0.132165 0.280668 0.528326
11 0.666838 0.354234 0.132991 0.234315 0.195066
11 0.933478 0.355161 0.133045 0.236774 0.183252
