1 0.797321 0.659454 0.167663 0.329727 0.371499
1 0.447030 0.329708 0.176175 0.329688 0.144344
2 0.175719 0.657866 0.171358 0.326552 0.521263
2 0.125148 0.848832 0.007965 0.012749 0.206818
2 0.089129 0.494639 0.177835 0.329630 0.133866
2 0.624456 0.659454 0.178067 0.329727 0.112943
2 0.255149 0.856052 0.024819 0.060909 0.112848
2 0.893448 0.829775 0.180956 0.340449 0.112429
10 0.201269 0.244677 0.040604 0.078063 0.936951
10 0.128239 0.190916 0.041573 0.079299 0.934113
10 0.535117 0.829727 0.178372 0.340546 0.931960
10 0.624452 0.829616 0.178076 0.340325 0.929306
10 0.445931 0.653821 0.178372 0.318462 0.911609
10 0.356510 0.659091 0.177902 0.329001 0.896551
10 0.445938 0.829758 0.178358 0.340485 0.801982
10 0.757832 0.830131 0.266756 0.339739 0.750392
10 0.446202 0.329880 0.177831 0.329421 0.679596
10 0.580167 0.494590 0.265076 0.329727 0.583272
10 0.535491 0.659106 0.177624 0.329031 0.557570
10 0.752286 0.659454 0.255965 0.329727 0.434681
10 0.726194 0.494162 0.152631 0.328779 0.433694
10 0.356578 0.494055 0.177956 0.328656 0.371828
10 0.802526 0.742284 0.178073 0.493244 0.368645
10 0.356745 0.829725 0.178372 0.340542 0.281939
10 0.850519 0.659265 0.057744 0.327344 0.188339
10 0.089794 0.494590 0.175108 0.329727 0.100568
11 0.356972 0.829720 0.177917 0.340532 0.850678
11 0.267559 0.494745 0.178372 0.329418 0.534937
11 0.356879 0.494568 0.178058 0.329683 0.512038
11 0.267429 0.828481 0.177671 0.336920 0.460739
11 0.089186 0.555305 0.178372 0.451156 0.425194
11 0.088536 0.328493 0.177072 0.327258 0.369199
11 0.535117 0.650497 0.178372 0.311812 0.228508
11 0.901312 0.659454 0.196745 0.329727 0.170700
