1 0.872292 0.397875 0.072017 0.327058 0.743411
1 0.729227 0.468626 0.045497 0.234212 0.292644
1 0.738354 0.351279 0.042652 0.233865 0.167238
2 0.739171 0.351334 0.049459 0.233975 0.451223
2 0.731216 0.468693 0.042618 0.234346 0.325990
2 0.848270 0.343596 0.022210 0.206205 0.210753
2 0.733045 0.787801 0.059567 0.044276 0.202962
10 0.494978 0.574330 0.989956 0.851340 0.950541
10 0.639046 0.494666 0.028092 0.058490 0.742375
10 0.858258 0.295913 0.153579 0.344394 0.623519
10 0.464059 0.506190 0.009381 0.058001 0.101134
11 0.233378 0.470148 0.153818 0.231090 0.356124
11 0.078412 0.402067 0.155662 0.101030 0.295755
11 0.156384 0.463324 0.155313 0.222252 0.103419
