2 0.628748 0.608337 0.742198 0.777638 0.849633
2 0.738746 0.714030 0.508087 0.571939 0.516734
2 0.510719 0.285970 0.524118 0.571939 0.414753
2 0.257649 0.550129 0.515298 0.890829 0.363002
2 0.077384 0.231013 0.154568 0.450179 0.110498
8 0.204260 0.512759 0.122993 0.167887 0.184563
8 0.134808 0.618116 0.105021 0.132019 0.161549
10 0.473635 0.464143 0.145362 0.167546 0.244484
11 0.501510 0.495786 0.996979 0.991571 0.714439
11 0.306234 0.642851 0.603167 0.713762 0.581561
11 0.742018 0.713469 0.514632 0.570817 0.296176
11 0.257174 0.285994 0.514347 0.571891 0.160719
