1 0.625055 0.831092 0.156140 0.066411 0.576402
1 0.081564 0.418502 0.149373 0.336017 0.557165
1 0.920101 0.581813 0.152701 0.243002 0.531391
1 0.132947 0.591579 0.198234 0.120240 0.513217
1 0.891160 0.820991 0.217273 0.234358 0.484910
1 0.233514 0.362445 0.154527 0.213526 0.312402
1 0.447503 0.673926 0.042494 0.050988 0.215293
1 0.546786 0.831467 0.156072 0.068491 0.203940
1 0.312386 0.841499 0.156022 0.041158 0.150035
1 0.328166 0.632646 0.031333 0.049429 0.142859
1 0.313163 0.786270 0.154923 0.041749 0.132864
2 0.585938 0.681567 0.234375 0.190114 0.819704
2 0.680234 0.736936 0.110316 0.066230 0.324946
2 0.816870 0.614560 0.084874 0.177723 0.229433
2 0.887359 0.522572 0.210156 0.127877 0.135774
6 0.315656 0.706238 0.056445 0.200917 0.745760
6 0.418187 0.744808 0.033841 0.081992 0.533521
6 0.301190 0.700594 0.022621 0.212802 0.480981
6 0.454635 0.740871 0.028065 0.074117 0.347488
6 0.324623 0.750905 0.024238 0.094185 0.283720
10 0.350966 0.502522 0.696387 0.569246 0.943187
10 0.890572 0.840043 0.218643 0.272461 0.743952
10 0.312562 0.753156 0.155051 0.098688 0.627362
10 0.719145 0.734865 0.032034 0.061868 0.449873
10 0.850606 0.675582 0.171642 0.291064 0.446357
10 0.234628 0.775882 0.155745 0.080580 0.241824
10 0.393524 0.744099 0.150367 0.080396 0.178184
11 0.683603 0.737124 0.117205 0.066618 0.140708
