2 0.676788 0.249217 0.097974 0.014630 0.130918
2 0.912035 0.196184 0.052193 0.050213 0.100495
8 0.683409 0.249686 0.022669 0.013859 0.133113
10 0.638664 0.401482 0.136210 0.067372 0.952521
10 0.253101 0.263052 0.406292 0.204222 0.948665
10 0.647055 0.262598 0.121291 0.063294 0.942860
10 0.539691 0.401740 0.177583 0.064291 0.936821
10 0.796756 0.480992 0.109967 0.065987 0.933137
10 0.578962 0.195743 0.130654 0.059545 0.930653
10 0.697876 0.491118 0.200717 0.087253 0.903397
10 0.853810 0.580282 0.201258 0.119497 0.898227
10 0.495496 0.183329 0.177141 0.060324 0.868116
10 0.551480 0.235158 0.127572 0.063563 0.850270
10 0.460140 0.179224 0.106276 0.054073 0.834502
10 0.513115 0.395509 0.114387 0.086609 0.703865
10 0.560001 0.261164 0.098857 0.009096 0.626234
10 0.871879 0.169462 0.140432 0.148050 0.583651
10 0.856953 0.180746 0.110776 0.105932 0.465760
10 0.608100 0.277539 0.038477 0.072308 0.403190
10 0.500605 0.251608 0.025344 0.069760 0.329445
10 0.484790 0.394141 0.056975 0.088191 0.177108
10 0.852318 0.163295 0.106529 0.015565 0.146637
10 0.714122 0.528745 0.059398 0.031026 0.138355
10 0.627406 0.431137 0.090866 0.006888 0.120812
10 0.880138 0.142036 0.049348 0.058082 0.115402
11 0.393689 0.171077 0.216804 0.171077 0.434042
11 0.916639 0.611122 0.061401 0.024703 0.402605
11 0.903801 0.571111 0.096132 0.055319 0.372242
11 0.390080 0.274506 0.095790 0.035779 0.371032
11 0.635799 0.163046 0.016919 0.134108 0.191444
11 0.228143 0.237341 0.114022 0.208393 0.133239
11 0.695335 0.369214 0.021930 0.116958 0.129121
