10 0.803840 0.689379 0.300687 0.221880 0.942290
10 0.358062 0.268629 0.178591 0.221086 0.898507
10 0.153806 0.252073 0.166397 0.178040 0.892959
10 0.274130 0.443490 0.196977 0.151719 0.875409
10 0.171757 0.764556 0.343515 0.396616 0.807181
10 0.739582 0.452859 0.262136 0.177340 0.774896
10 0.693726 0.266138 0.151473 0.156194 0.755877
10 0.266724 0.056972 0.246813 0.113873 0.703829
10 0.513328 0.189049 0.155217 0.248554 0.679789
10 0.867962 0.257447 0.147935 0.172522 0.573189
10 0.781470 0.033512 0.189173 0.066868 0.116942
