0 0.365271 0.529489 0.182284 0.352966 0.591657
0 0.455342 0.175476 0.179308 0.350952 0.501760
0 0.404888 0.859209 0.106622 0.280737 0.478072
0 0.238532 0.763157 0.248253 0.467297 0.439422
0 0.720002 0.528752 0.159307 0.351493 0.282003
0 0.456785 0.527756 0.181991 0.349500 0.211018
0 0.730825 0.175084 0.182329 0.350168 0.209920
0 0.908643 0.822664 0.180023 0.351339 0.107879
1 0.730785 0.176383 0.182147 0.352766 0.474018
1 0.148416 0.765213 0.068672 0.468022 0.422156
1 0.190061 0.176715 0.168137 0.352582 0.201734
1 0.183294 0.353057 0.179517 0.352904 0.135228
1 0.101107 0.530473 0.163292 0.351078 0.118336
2 0.864497 0.376265 0.021969 0.033700 0.308259
2 0.164250 0.545130 0.012207 0.022428 0.178157
2 0.492774 0.823698 0.005910 0.014907 0.170353
2 0.144706 0.058113 0.009633 0.015136 0.103980
4 0.492744 0.823540 0.005797 0.015098 0.113705
10 0.365695 0.176503 0.182374 0.353006 0.884716
10 0.189973 0.176503 0.174336 0.353006 0.864858
10 0.276458 0.234216 0.017133 0.042153 0.775079
10 0.343812 0.196692 0.016558 0.043515 0.297351
10 0.183331 0.351926 0.179456 0.350846 0.223653
10 0.144626 0.057863 0.009820 0.015417 0.126391
10 0.276309 0.177002 0.004360 0.012579 0.124540
11 0.639870 0.261132 0.181364 0.522264 0.341925
11 0.402944 0.353006 0.255931 0.353006 0.320106
11 0.730603 0.175486 0.181842 0.350971 0.154754
