4 0.178324 0.345452 0.097453 0.073499 0.848329
4 0.061741 0.454264 0.098677 0.080432 0.524594
4 0.302887 0.351296 0.085543 0.081138 0.515080
4 0.530629 0.489442 0.062158 0.057024 0.319133
10 0.927960 0.416924 0.105695 0.096437 0.892659
10 0.819014 0.785646 0.007267 0.024496 0.680082
10 0.177153 0.431374 0.024496 0.013184 0.559377
10 0.302086 0.418149 0.021131 0.011359 0.414345
10 0.876640 0.732964 0.008093 0.024684 0.405288
10 0.641617 0.602937 0.008460 0.026980 0.356943
10 0.177596 0.464142 0.012999 0.035312 0.352808
10 0.068243 0.575363 0.013062 0.037962 0.268576
10 0.737378 0.659159 0.006498 0.025776 0.261650
10 0.066652 0.524415 0.025528 0.010129 0.211628
10 0.530878 0.538055 0.019861 0.005608 0.192423
