0 0.168963 0.859835 0.320701 0.280330 0.829224
0 0.709197 0.594024 0.198282 0.298035 0.818302
0 0.434828 0.148276 0.223579 0.296027 0.618952
0 0.876734 0.458334 0.246532 0.561078 0.559615
0 0.878877 0.297711 0.239092 0.296358 0.449668
0 0.414016 0.297260 0.260810 0.297260 0.372682
0 0.780794 0.445594 0.218758 0.296668 0.310401
0 0.889323 0.695779 0.217019 0.383885 0.257539
0 0.669283 0.147489 0.219122 0.294979 0.253671
0 0.675814 0.850416 0.236223 0.295351 0.232072
0 0.899408 0.593846 0.201184 0.295610 0.201192
0 0.742093 0.742916 0.146502 0.296794 0.191468
0 0.505186 0.296945 0.118697 0.296620 0.191328
0 0.496349 0.445369 0.136549 0.296219 0.157737
0 0.557683 0.594106 0.222113 0.296434 0.135795
0 0.463713 0.583779 0.186974 0.275779 0.106005
2 0.237598 0.744162 0.053978 0.044201 0.212255
2 0.444700 0.934770 0.220101 0.130205 0.136929
10 0.353704 0.791149 0.070987 0.114125 0.935966
10 0.434923 0.595656 0.061861 0.067657 0.834305
10 0.016342 0.740523 0.032683 0.243287 0.641034
10 0.455191 0.612184 0.018606 0.035266 0.587428
10 0.278649 0.858008 0.111459 0.274657 0.459891
10 0.560501 0.734495 0.082053 0.063461 0.392936
10 0.309823 0.275874 0.049090 0.237817 0.368529
10 0.016433 0.750875 0.032867 0.095955 0.324923
10 0.430879 0.880720 0.193001 0.022117 0.313051
10 0.236748 0.744116 0.061780 0.044417 0.200053
10 0.322094 0.327594 0.075431 0.060568 0.142302
10 0.570504 0.734448 0.037447 0.063167 0.139011
10 0.536408 0.848277 0.041778 0.086559 0.122699
10 0.330178 0.133285 0.008400 0.057084 0.115188
10 0.476098 0.631665 0.031934 0.057782 0.103422
