1 0.181011 0.419854 0.147932 0.265488 0.595335
1 0.896559 0.613650 0.206815 0.338303 0.533830
1 0.534938 0.516468 0.213975 0.166543 0.363559
1 0.856120 0.706695 0.213537 0.282648 0.308503
1 0.337333 0.183668 0.050954 0.168627 0.163876
1 0.401922 0.187368 0.051442 0.169026 0.142377
2 0.886419 0.139896 0.227161 0.279793 0.482121
2 0.835488 0.150078 0.033126 0.017470 0.443358
2 0.053798 0.390785 0.028932 0.030505 0.196129
2 0.690058 0.149127 0.021674 0.015568 0.160436
4 0.659726 0.143169 0.024732 0.024909 0.119815
10 0.500000 0.705258 1.000000 0.589484 0.948560
10 0.106129 0.193577 0.212258 0.201394 0.918606
10 0.482062 0.464985 0.318906 0.102922 0.841341
10 0.537496 0.306573 0.207924 0.082464 0.762556
10 0.127493 0.423452 0.254986 0.277323 0.698228
10 0.534845 0.469570 0.213790 0.091084 0.122879
10 0.798392 0.007068 0.032885 0.014136 0.111659
10 0.392075 0.090448 0.007167 0.005245 0.109868
