1 0.746856 0.648561 0.479542 0.702878 0.848146
1 0.501305 0.661238 0.334204 0.677524 0.601833
1 0.163033 0.702621 0.321725 0.593728 0.296653
1 0.831751 0.300445 0.331644 0.587596 0.159075
10 0.467700 0.500000 0.935178 1.000000 0.943558
10 0.250888 0.442372 0.499832 0.884744 0.926457
10 0.501305 0.234316 0.334204 0.468134 0.877620
10 0.668189 0.702097 0.332383 0.592680 0.682607
10 0.285497 0.648561 0.419876 0.485608 0.485121
10 0.235034 0.862746 0.468796 0.274229 0.243833
10 0.333884 0.485248 0.333173 0.376130 0.239153
11 0.831287 0.298178 0.328947 0.592130 0.374104
