0 0.250654 0.482780 0.434831 0.282828 0.209770
1 0.500000 0.156243 1.000000 0.312486 0.865684
1 0.734261 0.311063 0.531479 0.309627 0.739715
1 0.233806 0.311840 0.467612 0.310779 0.278992
2 0.523984 0.724821 0.017300 0.015071 0.330770
2 0.287358 0.402488 0.040225 0.013184 0.281705
2 0.506392 0.725732 0.023948 0.019868 0.205439
2 0.518838 0.651698 0.017316 0.010120 0.135396
10 0.499387 0.656135 0.998774 0.687269 0.925624
10 0.734150 0.907632 0.530707 0.171195 0.776809
10 0.469028 0.312712 0.467507 0.310360 0.681844
10 0.234261 0.811920 0.468521 0.373840 0.632192
10 0.234455 0.624812 0.468133 0.312124 0.578976
10 0.468495 0.902540 0.468468 0.184884 0.522021
10 0.766648 0.730466 0.466705 0.101569 0.390487
10 0.231710 0.312376 0.461819 0.312067 0.244196
10 0.702782 0.279783 0.468521 0.247065 0.238481
10 0.637781 0.599506 0.338392 0.261511 0.210672
