2 0.864376 0.703094 0.012573 0.005438 0.117030
10 0.283293 0.650979 0.429821 0.235760 0.969024
10 0.691488 0.578175 0.471070 0.257473 0.947944
10 0.522601 0.452577 0.812589 0.259147 0.930173
10 0.487396 0.389200 0.456858 0.120476 0.919397
10 0.766794 0.466260 0.335087 0.233786 0.904204
10 0.764004 0.631296 0.328539 0.197608 0.890721
10 0.299734 0.445440 0.358661 0.252822 0.851239
10 0.844664 0.651418 0.168728 0.175087 0.834245
10 0.237589 0.458671 0.243348 0.274951 0.539132
10 0.844588 0.492866 0.168562 0.112123 0.435668
10 0.177004 0.331195 0.124711 0.235225 0.161123
