1 0.441918 0.441905 0.236056 0.365902 0.463078
1 0.248195 0.798063 0.128610 0.403873 0.149288
2 0.460390 0.206839 0.294593 0.410807 0.352527
2 0.656470 0.578220 0.062890 0.069645 0.185376
2 0.467714 0.418845 0.308811 0.412310 0.146482
6 0.815330 0.361128 0.020729 0.058481 0.131520
10 0.383338 0.501723 0.766676 0.966557 0.858814
10 0.468722 0.785596 0.312444 0.404525 0.717925
10 0.198962 0.708333 0.397924 0.583333 0.716124
10 0.470293 0.519866 0.292774 0.209874 0.460308
10 0.236516 0.224724 0.463434 0.449449 0.389442
10 0.155615 0.418094 0.311230 0.413811 0.200565
10 0.726055 0.242898 0.076983 0.333546 0.121281
10 0.718219 0.068326 0.347371 0.136359 0.120190
11 0.625877 0.245249 0.287247 0.337507 0.400704
11 0.156075 0.208333 0.312149 0.416667 0.391353
11 0.312500 0.417576 0.312500 0.414688 0.168363
