10 0.131961 0.767500 0.070051 0.096096 0.962361
10 0.768380 0.584816 0.066781 0.106217 0.962073
10 0.246209 0.601728 0.068822 0.103669 0.961971
10 0.647971 0.684869 0.064303 0.097347 0.961540
10 0.658856 0.432128 0.068956 0.091679 0.960568
10 0.351047 0.447361 0.073975 0.094144 0.960248
10 0.512585 0.561825 0.068473 0.104637 0.957929
10 0.364306 0.727538 0.094576 0.098187 0.957873
10 0.515393 0.240648 0.137035 0.151383 0.956447
10 0.844485 0.704540 0.077913 0.095156 0.955368
10 0.517681 0.825910 0.121610 0.110768 0.936437
10 0.784302 0.680535 0.278669 0.045493 0.224140
