10 0.454773 0.548538 0.885681 0.550702 0.949728
10 0.619882 0.592178 0.336244 0.393624 0.930287
10 0.779111 0.723625 0.241174 0.294598 0.928836
10 0.722659 0.677013 0.180423 0.224879 0.927756
10 0.541914 0.681461 0.180638 0.233665 0.924091
10 0.494352 0.403006 0.266153 0.244451 0.901097
10 0.451595 0.619858 0.180638 0.336400 0.881804
10 0.355821 0.698286 0.350367 0.267426 0.880313
10 0.090543 0.717929 0.180189 0.276262 0.848086
10 0.675982 0.413687 0.266507 0.075942 0.846027
10 0.278078 0.417523 0.161656 0.293407 0.800906
10 0.289834 0.306012 0.192937 0.065464 0.690796
10 0.333962 0.563964 0.234873 0.224611 0.660096
10 0.632455 0.771554 0.180193 0.188132 0.495554
10 0.452171 0.780951 0.179485 0.206926 0.387486
10 0.456207 0.315568 0.188034 0.046351 0.377362
10 0.902235 0.745073 0.178729 0.090531 0.340081
10 0.541854 0.451467 0.180439 0.225446 0.335543
10 0.270930 0.785268 0.179841 0.191678 0.318079
10 0.695774 0.448051 0.127033 0.198729 0.292989
10 0.181926 0.305816 0.177397 0.065855 0.273281
10 0.755021 0.455061 0.064940 0.006805 0.138067
10 0.130989 0.869130 0.081242 0.189517 0.137141
10 0.521887 0.048592 0.040054 0.065671 0.102824
11 0.925340 0.172794 0.125133 0.043043 0.544523
11 0.361771 0.797246 0.179385 0.046150 0.130760
11 0.560287 0.052755 0.118241 0.047766 0.126133
11 0.180592 0.676371 0.180418 0.222385 0.123929
