0 0.415965 0.118153 0.006792 0.027216 0.101307
1 0.907750 0.141093 0.167842 0.282187 0.916659
1 0.835645 0.282187 0.242718 0.282187 0.838346
1 0.397616 0.405419 0.156870 0.317909 0.737435
1 0.197791 0.423280 0.235788 0.282187 0.678066
1 0.854977 0.498912 0.027414 0.140880 0.633046
1 0.563383 0.564374 0.143075 0.282187 0.609343
1 0.317460 0.563454 0.158730 0.280346 0.400807
1 0.669059 0.219700 0.227007 0.124974 0.393001
1 0.238136 0.372628 0.158649 0.180881 0.104422
2 0.351810 0.852734 0.227327 0.294533 0.861174
2 0.405057 0.876462 0.016464 0.077580 0.592726
2 0.713091 0.852192 0.155631 0.293449 0.519909
2 0.403634 0.957954 0.013618 0.084092 0.349126
2 0.634869 0.414706 0.158628 0.265038 0.152303
2 0.831911 0.555564 0.076492 0.264395 0.125022
4 0.114822 0.673218 0.008630 0.027099 0.107715
10 0.499891 0.497446 0.999783 0.994892 0.974144
11 0.476204 0.282187 0.158535 0.282187 0.856924
11 0.238020 0.281125 0.158223 0.280064 0.726880
11 0.896825 0.423249 0.206349 0.282124 0.211792
11 0.632846 0.721285 0.154580 0.031635 0.204939
11 0.158602 0.282187 0.158345 0.282187 0.181911
11 0.714880 0.852132 0.153727 0.292547 0.177148
11 0.238193 0.564015 0.158535 0.281468 0.167065
11 0.158584 0.139252 0.158142 0.278503 0.108732
11 0.524157 0.564214 0.062797 0.281868 0.100804
