3 0.265863 0.402709 0.474497 0.504342 0.599671
3 0.816905 0.465042 0.045070 0.047088 0.239777
10 0.496633 0.563689 0.993266 0.490522 0.949831
10 0.510107 0.315269 0.979786 0.336092 0.919688
10 0.751836 0.568505 0.496327 0.499407 0.863610
10 0.288764 0.289999 0.577527 0.283450 0.860856
10 0.543065 0.403731 0.548811 0.513686 0.843162
10 0.252874 0.497286 0.501597 0.552104 0.835438
10 0.335978 0.295940 0.335390 0.290737 0.685301
10 0.790037 0.527328 0.418631 0.269482 0.684892
10 0.167782 0.555075 0.335298 0.136683 0.607497
10 0.166792 0.452441 0.326926 0.022123 0.241390
