2 0.381905 0.976146 0.200224 0.047708 0.766639
2 0.539052 0.992740 0.087488 0.014521 0.337038
2 0.009673 0.940948 0.019346 0.115408 0.281951
10 0.345480 0.299849 0.177640 0.188911 0.955588
10 0.284337 0.717041 0.116151 0.160685 0.951248
10 0.722012 0.844119 0.118634 0.144863 0.938812
10 0.717136 0.684530 0.117363 0.144729 0.936132
10 0.064807 0.746888 0.121908 0.145307 0.929325
10 0.935196 0.667480 0.118754 0.145190 0.923650
10 0.940943 0.825937 0.118114 0.143746 0.908527
10 0.913334 0.131836 0.120970 0.205643 0.899834
10 0.868012 0.185390 0.058804 0.353077 0.253236
11 0.256410 0.818915 0.256410 0.358949 0.307742
11 0.512934 0.800932 0.256183 0.394435 0.141261
